0.5009908468503503
0.5
0.5005578126715119
0.5
0.5
0.5
0.50036866841413
0.5
0.5
0.5
0.5
0.5
0.5
0.5
0.5
0.5
0.5
0.5008306579294866
0.5005045712028996
0.5
0.5
0.5
0.5
0.5
0.5
0.5
0.5
0.5019447445877683
0.5
0.502779339800015
0.5
0.5
0.5
0.5024778991395791
0.509891140759506
0.5005260970247403
0.5
0.5
0.5
0.5
0.5
0.5
0.5
0.5
0.5
0.5033988252242552
0.5
0.5010713841977673
0.5
0.5
0.5
0.5130339454591263
0.5735688680277656
0.5
0.500028623878383
0.5
0.5
0.5001555003124935
0.5010382015418745
0.5
0.5
0.5
0.5
0.5
0.5
0.5
0.5
0.5
0.4655250751702013
0.5
0.5
0.5
0.5
0.5
0.5
0.5
0.5
0.5
0.5
0.5
0.5
0.5
0.5
0.5
0.5
0.5
0.5
0.5
0.5
0.5
0.5
0.5
0.5
0.5
0.5
0.5
0.5
0.5
0.5
0.5
0.5
0.5
0.5
0.5
0.5
0.5
0.5
0.5
0.5
0.5
0.5123945274251552
0.5
0.5
0.5
0.5
0.5
0.48817918323988235
0.5
0.5
0.5
0.5
0.5
0.5
0.5
0.5
0.5
0.5114998669061912
0.5
0.5135571567707269
0.5
0.5
0.5
0.5613946502810858
0.5
-1.0
0.5
0.5
0.5
0.5
0.5
0.5
0.5
0.5
0.5
0.5
0.5
0.5
0.5
0.5
0.41783348689042465
0.5
0.5
0.5
0.5
0.5
0.5
0.5
0.5
0.5
0.5
0.5
0.5
0.5008427763599668
0.5
0.5
0.5
0.5
0.5
0.5
0.5
0.5
0.5
0.5
0.5
0.5
0.5
0.5
0.5
0.5
0.5
0.5
0.5
0.5
0.5
0.5
0.5
0.5
0.5
0.5
0.5029153698174417
0.5081597327942551
0.5000001030766603
0.5
0.5
0.4702489310385578
0.5007507936091525
0.502285193885625
0.5
0.5
0.5
0.4713078301883901
0.5
0.5
0.5
0.4589641837374716
0.4473341779857511
0.5
0.5001769706865469
0.48870203566894377
0.5
0.4707903706167178
0.5
0.5
0.5
0.5
0.5
0.5
0.5
0.5
0.5
0.4786765935766259
0.5
0.5
0.5
0.5
0.5
0.5
0.5
0.48397963300822505
1.0
0.5
0.5
0.5
0.5
0.5
0.5
0.5
0.5
0.5
0.5
0.5
0.5
0.5
0.5
0.5
0.5
0.5
0.5
0.5
0.5
0.5
0.5
0.5
0.5
0.5
0.5
0.5
0.5
0.5
0.5
0.5
0.5
0.5
0.5
0.5
0.5
0.5
0.5010494162337126
0.5
0.5
0.5
0.5
0.5
0.5
0.5
0.5
0.5
0.5
0.4827567528112588
0.5
0.5
0.5
0.5
0.5
0.5
0.5
0.5
0.5
0.5
0.5
0.4827566528790796
0.5
0.5
0.5
0.45433156578856027
0.5
-1.0
0.5
0.5
0.5
0.5
0.5
0.5
0.5
0.5
0.5
0.5
0.5
0.5
0.5
0.5
0.5
0.5
0.5
0.5
0.5
0.5
0.5
0.5
0.5
0.5
0.5
0.5
0.5
0.5
0.5
0.5
0.5
0.5
0.5
0.5
0.5
0.3624196979627239
0.5
0.5
0.5
0.5
0.5
0.5
0.5
0.5
0.5
0.5
0.5
0.5
0.5
0.5
0.5
0.5
0.5
-1.0
0.5
0.5
0.5
0.5
0.5
0.5
0.5
0.5
1.0
0.5
0.5
0.5
0.5
0.5
0.5
0.5
0.5
0.5
0.5
0.5
1.0
0.5
0.5
0.5
1.0
0.5
0.5
0.5
0.5
0.5
0.5
0.5
0.5
0.5
0.5
0.5
0.5
0.5
0.5
0.5
0.5
0.5
0.5
0.5
0.5
0.5
0.5
0.5
0.5
0.5
0.5
0.5
0.5
0.5
0.5
0.5
0.5
0.5
0.5
0.5
0.5
0.5
0.5
0.5
0.5
0.5
0.5
0.5
0.5
0.19672998764963878
0.5
0.5
0.5
0.5
0.5
0.5
0.5
0.5
0.5
0.5
0.5
0.5
0.5
0.45277312183342816
0.5
0.5
0.5
0.4765625
0.5
0.5
0.5
0.5
0.5
0.5
0.5
0.5
0.4654447607979308
0.5
0.5
0.4800914593221188
0.5
0.5
0.5
0.5
0.5
0.5
0.5
0.5
0.5
0.5
0.5
0.5
0.5
0.5
0.5
0.5
0.5
0.5
0.5
0.5
0.5
0.5
0.2816048838159253
0.5
0.5
0.5
0.5
0.5
0.5
0.5
0.5
0.5
0.5
0.5
0.5
0.5002273599844558
0.5
0.5
0.5
0.5
0.5
0.5
0.5005473688014316
0.5
0.5
0.5
0.5
0.5
0.5
0.5
0.5
0.5
0.5
0.5
0.5
0.5
0.5
0.5
0.5
0.5
0.5
0.5
0.5020789125870857
0.5095504261960706
0.5000001414168697
0.5
0.5
0.5
0.5029255852834112
0.5771680877466947
0.5
0.5
0.5
0.5
0.5
0.5
0.5
0.5
0.5
0.5002287547240176
0.5006741077995016
0.501825744350249
0.5
0.5
0.5
0.5093191214308325
0.5
0.5311967524615688
0.5
0.5
0.5
0.5
0.5
0.4529481985559486
0.5
0.5
0.5
0.5
0.5
0.5
0.5
0.4819568737213664
0.5
0.5
0.5
0.5
0.5
0.5
0.5
0.5
0.5
0.5
0.5
0.5
0.5
0.5
0.5
0.5
0.5
0.5
0.5
0.5
0.5
0.5183591134828202
0.5
0.5
0.5
0.5
0.5
0.5
0.5
0.5
0.5
0.5
0.5
0.4574080946861248
0.5
0.5
0.5
0.5
0.5
0.5
0.5
0.5
0.5
0.5000048574983773
0.5
0.5
0.5
0.5
0.5
0.5
0.5
0.5
0.5004417862945543
0.5
0.5
0.5
0.5
0.5
0.5205545848163384
0.48123340558642635
0.46452932417678033
0.5
0.46373367899597956
0.5
0.5
0.5
0.5
0.5
0.5
0.5
0.5
0.5000680728961292
0.5
0.5
0.5
0.5144756912788442
0.5
0.5
0.5
0.5
0.5
0.5
0.5
0.5
0.5
0.5
0.5
0.5
0.5
0.5052516147769824
0.5
0.5
0.5
0.5
0.5
0.5
0.5013201297747772
0.5
0.5
0.5319184807232291
0.5
0.5
0.5
0.5
0.5
0.5
0.5
0.5
1.0
0.5
0.5
0.5
0.5
0.5
0.5
0.5
0.5
0.5
0.5
0.5
0.5
0.5
0.5117749272578849
0.6369441739684476
0.5
0.5
0.5
0.5
0.5
0.5057541342702849
0.5
0.5
0.5
0.5
0.5
0.5
0.39369002582393187
0.5
0.5
0.5
0.5
0.5056074052425464
0.5
0.5
0.5
0.5
0.5
0.5
0.5
0.5
0.5
0.5
0.5
-1.0
0.5
0.5
0.5
0.5
0.5
-1.0
0.5
-1.0
0.5
0.5
0.5
0.5
0.5
0.5
0.5
0.5
0.5
0.5
0.5
0.5
0.5
0.5
0.5
0.5
0.5
0.5
0.5
0.5
0.5
0.5
0.5
0.5
0.5
0.5
0.5
0.5
0.5
0.5
0.5
0.5350588724245254
0.5
0.5
0.5
0.5
0.5
0.5
0.5
0.5
0.5
0.5
0.5
0.5
0.5
0.5
0.5
0.5
0.5
0.47665360801540807
0.5
0.5
0.5
0.5
0.5
0.5
0.5
0.5
0.5
0.5
0.5
0.5
0.5
0.5
0.5
0.5379209902007325
1.0
-1.0
0.5
0.5
0.5
0.5
0.5
0.5
0.5
0.5
0.5
0.5
0.5
0.5
0.5
0.5
0.5
0.5
0.5
0.5
0.5
0.5
0.5
0.5
0.5
0.5
0.5
0.5
0.5
0.5
0.5
0.5
0.5
0.5
0.5
0.5
0.5
0.5
0.5
0.5
0.5
0.5
0.5
0.5
0.5
0.5
1.0
0.5
0.5
0.5
0.5
0.5
0.5
0.4350554657607387
0.5
-1.0
0.5
0.5
0.5
0.5
0.5
0.5
0.5
0.5
0.4602717651850968
0.5
0.5
0.5
0.5
0.5
0.5
0.5
0.5
0.5
0.5
0.5
0.5
0.5
0.5
0.5
0.5
0.5
-1.0
0.5
0.5
0.5
0.5
0.5
0.5
0.5
0.5
0.5
0.5
0.5
0.5
0.5
0.5
0.5
1.0
0.5
1.0
0.5
0.5
0.5
0.5
0.5
0.5
0.5
0.5
0.5
0.5
0.5
0.5
0.5
0.5
0.4649528609622651
0.5
0.5
0.5
0.5
0.5
0.5
0.5
0.5
0.5
0.5
0.5
0.5
0.5
0.5
0.5
0.5
0.5
0.5
0.5
0.5
0.5
0.5
0.5
0.45767766483550437
0.5
0.5
0.5
0.4743421904623704
1.0
0.5
0.5
0.5
0.5
0.5
0.5
0.5
0.5
0.5
0.5
0.5
1.0
0.5
0.5
0.5
0.4849799666072986
0.5
1.0
0.5
0.5
0.5
0.5
0.47939226826194514
0.5
0.5
0.5
0.5
0.5
0.5
0.5
0.5
0.5
0.5
0.5
0.5
0.5
0.5
0.5
0.5
0.5
0.5
0.5
0.5
0.5
0.5
0.5
0.5
0.5
0.5
0.5
0.5
0.5
0.5
0.5
0.5
0.5
0.5
0.5
0.5
0.5
0.5
0.5
0.5
0.5
0.5
0.5
0.4317347357137825
0.5
0.5
0.5
0.5
0.5
-1.0
0.5
0.5
0.5
0.5
0.5
0.5
0.5
0.5
0.5
0.5
0.5
0.5
0.5
0.5
0.5
0.5
0.5
0.5
0.5
0.5
0.5
0.5
0.5
0.5
0.5
0.5
0.5
0.5
0.5
0.5
0.5
0.5
0.5
0.5
0.5
0.5
0.5
0.5
0.5
0.5
0.5
0.5
0.5
0.5
0.5
0.5
0.5
0.5
0.5
0.5
0.5
0.5
0.5
0.5
0.5
0.5
0.5
0.5
0.5
0.5
0.5
0.5
0.5
0.5
0.5
0.5
0.5
0.5
0.5
0.5
0.5
0.5
0.5
0.5
0.5
0.5
0.5
0.5
0.5
0.5
0.5
0.5
0.5
0.5
0.5
0.5
0.5
0.5
0.5
0.5
0.5
0.5
0.5
0.5
0.5
0.5
0.5
0.5
0.5
0.5
0.5
0.5
0.5
0.5
0.5
0.5
0.5
0.5
0.5
0.5
0.5
0.5
0.5
0.5
0.5
0.5
0.5
0.5
0.5
0.5
0.5
0.5
0.5
0.5
0.5
0.5
0.5
0.5
0.5
0.5
0.5
0.5
0.5
0.5
-1.0
0.5
0.5
0.4236026272121787
0.5
0.5
0.5
0.5
0.5
0.5
0.5
0.5
0.5
0.5
0.5
0.5
0.5
0.5
0.5
0.5
0.5
0.5
0.5
0.5
0.5
0.5
0.5
0.5
0.5
0.5
0.5
0.5
0.5
0.5
0.5
0.5
0.5
0.5
0.5
0.5
0.5
0.5
0.5
0.5
0.5
0.5
0.5
0.5
0.48360344700480806
0.5
0.5
0.5
0.5
0.5
-1.0
0.5
0.5
0.5
0.5
0.5
0.4807154941342621
0.5
0.5
0.5
0.5
0.5
0.5
0.5
0.5
0.5
0.5
0.5
0.5
0.5
0.5
0.5
0.5
0.5
0.5
0.5
0.5
0.5
0.5
0.5
0.5014099565449815
0.5
0.5
0.5
0.5
0.5
0.5
0.5
0.5
0.539971313037
0.5
0.5
0.5
0.5
0.5
0.5
0.5
0.46991180396028925
0.5
0.5
0.5
0.5
0.5
0.5
0.5
0.5
0.5
0.5
0.5
0.5
0.5
0.5
1.0
0.5
0.5
0.5
0.5
0.5
0.5
0.5
0.5
0.5
0.5
0.490326480592769
1.0
0.5
0.5
0.5
0.4803706033558616
0.5
1.0
0.5
0.5
0.5
0.5
0.4765012654692529
0.5
0.5
0.5
0.5
0.5
0.5
0.5
0.5
0.5
0.5
0.5
0.5
0.5
0.5
0.5
0.5
0.5
0.5
0.5
0.5
0.5
0.5
0.5
0.5
0.5
0.5
0.5
0.5
0.5
0.5517872084325643
0.5
0.5
0.5
0.5
1.0
0.5
0.5
0.5
1.0
0.5
1.0
0.5
0.5
0.5
0.5
0.5
0.5
0.5
0.5
0.5
0.5
0.5
0.5
0.5
0.5
0.5
0.5
0.5
0.5
0.5
0.5
0.5
0.5
0.5
0.5
0.5
0.5
1.0
0.47497278034076856
0.5
0.5
0.5
0.5
0.5
0.5
0.5
-1.0
0.5
0.5
0.5
0.5
0.5
0.5
0.5
0.5
0.5
1.0
0.5
1.0
0.5
0.5
1.0
1.0
0.5
0.5
0.5
0.5
0.5
0.5
0.5
0.5
0.5
0.5
0.5
0.5
0.5
0.5
0.5
0.5
0.5
0.5
0.5
0.5
0.5
0.5
0.5
0.5
0.5
0.5
0.5
0.46732233624305475
0.5
0.5
0.5
0.5
0.5
0.5
0.5
0.5
0.5
0.5
0.5
1.0
0.5
0.5
0.5
0.5
0.5
1.0
0.5
0.5
0.5
0.5
0.5
0.5
0.5
0.5262775341653906
1.0
0.5
0.5
1.0
0.5
0.5
1.0
0.5
0.5
0.5
0.5
0.5
-1.0
0.5
-1.0
-1.0
0.5
0.5
0.5
0.5
-1.0
-1.0
0.5
-1.0
0.5
-1.0
0.5
-1.0
0.5
0.5
0.5
0.5
0.5
-1.0
0.5
0.5
0.5
0.5
0.5000662109889573
0.5
0.5
0.500305390012431
0.5
0.5
0.5
0.5
0.5
0.5
0.5
0.5
0.5
0.5
0.48342618482594757
0.5
0.5
0.5
0.5
0.5
0.5
0.5020339948916285
0.5
0.5
0.5
0.5
0.5
0.4999246236446558
0.49771461163895586
0.5100528864595009
0.49896925171510753
0.5
0.5
0.5000015791061321
0.5000516266818513
0.5
0.49916366669051004
0.5
0.5
0.5
0.5
0.5
0.5
0.5
0.5
0.5009940834390513
0.4705767706788947
0.5
0.5
0.5
0.5
0.5
0.5009090980224961
0.5
0.5
0.5
0.5
0.505602197671588
0.540459398909702
0.5
0.5
0.5
0.5
0.5
0.5
0.5
0.5
1.0
-1.0
0.5
0.5
0.5
0.5
0.5
0.5
0.5
0.5
0.5
0.5
0.5
0.5
0.5
0.5
0.5009927726514956
0.5
0.5
0.4782315633725802
0.5
0.5217791811684672
0.5
0.5
0.5
0.5
0.5
0.5
0.5
0.5
0.5
0.5
0.5
0.5
0.5
0.5168072197031239
0.5
0.5050033361135825
0.5
0.5
0.5
0.498590587513605
0.5
0.589999408499807
0.5
0.5
0.5
0.5
0.5006386423392913
0.5138274210745255
0.5
0.5
0.5
0.5
0.5
0.5
0.5
0.5
0.5
0.5373125106286806
0.5
0.5573422774620341
0.5
0.5
0.5
0.5
0.5311049348040701
0.5
0.5
0.5
0.5
0.5
0.5
-1.0
0.5
0.5
0.5
0.5
0.5
-1.0
0.5
0.5
-1.0
0.5
0.5
0.5
0.5
0.5
0.5
0.5090892886501622
0.5
0.5
0.5
0.5
0.5
0.5
0.5
0.5
0.5016986183025728
0.5
0.5
0.5
0.5
0.5
0.5
0.5
0.5
0.5188078465135714
1.0
0.5
0.5
0.5
0.5
0.5
0.5
0.5
0.5
-1.0
0.5
0.5
0.5
0.5
0.5
0.41203461403562724
0.5
0.45581601147203027
0.48197272536004854
0.5
0.5
0.5
0.5
0.5000037366558869
0.5005915769110589
0.5
0.5
0.5
0.4806401639137231
0.5
0.4843532631335984
0.5
0.5
-1.0
0.5
-1.0
-1.0
0.5
0.5
0.5
0.5
0.5
0.5
0.5
0.5
0.5110591296276281
0.5
0.5
0.5
0.5
0.5
0.5
0.5
0.5192015704402363
1.0
0.5
0.5
0.5
0.5
0.5
0.5
0.5
0.5
0.5
0.5
0.5
0.5
0.5
0.5
0.5
0.5
0.5
0.5
0.4817638968215763
0.5008620792398494
0.5
0.5
0.5
0.5
0.5
0.5
0.5
0.5
0.5369945997774869
0.5
0.5
0.5
0.5
0.5
0.5
0.5
0.5
0.5
0.5
0.5
0.49815788532468597
0.5
0.5
0.5
0.5
0.5
0.5
0.5
0.5
0.5
0.5
0.5
0.5
0.5
0.5
0.5
0.5
0.5
0.5
0.5
0.5
0.5
0.5
0.5
0.5
0.5
0.5
0.5
0.5
0.5
0.5
0.5
-1.0
0.5
0.5
0.5
0.5
0.5
-1.0
0.5
0.5
-1.0
0.5113860917310595
0.5
0.5
0.5
0.5
0.5
0.5
0.48459686929778517
0.5
0.5
0.5
0.5
0.5
0.5
0.5
0.5
0.5
0.5
0.5
0.5
0.5
0.5
0.5
0.5
0.5
0.5
0.5
0.5
0.5
0.5
0.5
0.5
0.5
0.5
0.5
0.5
0.5
0.5
0.5
0.5
0.5
1.0
0.5
0.5
0.5
1.0
0.5
1.0
0.5
0.5
0.5
0.5
0.5
0.5
0.5
0.5
0.5
1.0
0.5
1.0
0.5
0.5
1.0
1.0
1.0
0.5
0.5
0.5
-1.0
-0.44494078742115484
0.5
-1.0
0.5
0.5
0.5
0.5
0.5
-1.0
0.5
0.5
0.5
0.5
0.5
-1.0
0.5
0.5
0.5
0.5
0.5
-1.0
0.5
0.5
0.5
0.5
0.5
0.5
0.5
0.5
0.5
0.5
0.5
0.5
0.5
0.5
0.5
0.5
0.5
0.481498397234054
0.5
0.5
0.5
0.5
-1.0
0.5
-1.0
-1.0
0.5
0.5
0.5
0.5
0.4516873873796882
0.4725070572135133
0.5
0.5
0.5
0.5
0.5
0.47430385229950095
0.5
0.5
0.5
0.5
0.5
0.5
0.5
0.5
0.48234300674893194
0.5
-1.0
-1.0
0.5
-1.0
0.5
-1.0
0.5
-1.0
0.5
0.5
0.5
0.5
0.5
0.5
0.5
0.5
0.5
0.5
0.5
0.5
0.5
0.5
1.0
-1.0
0.5
0.5
0.5
0.5
0.5
0.5
0.5
-1.0
0.5
0.5
0.5
0.5
0.5
0.5
0.5
0.5000023424201586
0.5
0.5
0.5
0.5
0.5
0.5
0.5
0.5
0.5
1.0
0.5
0.5
0.5
0.5
0.5
0.5
0.5
0.5
0.5
0.5
0.5
0.5
0.5
0.5000009781879793
0.5000080455680844
0.5
0.5000355914306637
0.5
0.5000752741561042
0.5
0.5002913188872268
0.5
0.5
0.5011032080448496
0.5
0.5
0.5
0.5
0.5
0.5
0.5
0.5
0.5
0.5
0.5
0.5
0.5
0.5
0.5
0.5
0.5
0.5
0.5
0.5
0.5128400235990859
0.5
0.5
0.5
0.5
0.5
0.5
0.5
0.5
1.0
0.5
0.5
0.5
0.5
0.5
0.5
0.5
0.5
0.5
0.5
0.5
0.5
0.5
0.5
0.5
0.5
0.5
0.5
0.5
0.5
0.5
0.5
0.5
0.5
0.5
0.5
0.5
0.5
0.5
0.5
0.5
0.5
0.5
0.5
0.5
0.5
0.5
0.5
0.5
0.5
0.5
0.5
0.5
0.5
0.5
0.5
0.5
0.5153798021826517
0.5
0.5
0.5
0.5
0.5
0.5
0.5
0.5
0.5
0.5
0.5001795941537112
0.513720024401813
0.5
0.48240288640790585
0.5
0.5058806585357888
0.5
0.5071727883239979
0.5
0.5
0.5
0.5
0.5
0.5
0.5
0.5
0.5
0.5
0.5
0.5
0.5
0.5
1.0
-1.0
0.5
0.5
0.5
0.5
0.5
0.5
0.5
0.5
0.5
0.5
0.5
0.5
0.5
0.5
0.5
0.5
0.5
0.5
0.5
0.5
0.5
0.5
0.5
0.5
0.5
1.0
0.5
0.5
0.5
0.5
0.5
0.5
0.5
0.5
0.5
0.5
0.5
0.5
0.5
0.5
0.5003091005026694
0.5
0.5
0.5
0.5
0.5
0.5
0.5
0.5006873707596114
0.5362799215764855
0.5
0.5
1.0
0.5
0.5
0.5
0.5
0.5
0.5
0.5
0.5
-1.0
0.5
0.5
0.5
0.5
0.5
0.5
0.5
0.5
0.5
0.5
0.5
0.5
0.5
0.5
0.5
0.5
0.5
0.5
0.5
0.5
0.5
0.5
0.5
0.5
0.5
0.5
0.5
0.5
0.5
0.5
0.5
0.5
0.5
0.5
0.5
0.5
0.5
0.5
0.5
0.5
0.5
0.5
0.5
0.5
0.5
0.5
0.5
0.5
0.5
0.5
0.5
0.5
0.5
0.5
0.5
0.5
0.5
0.5
0.5
0.5
0.5
0.5
0.5
0.5
0.5
0.5
0.4759641226331981
0.5
0.5
0.5
0.5
0.5
0.5
0.5
0.5
0.5
0.5
0.5
0.4774908725997205
0.5
0.5
0.5
0.5
0.5
-1.0
0.5
0.5
0.5
0.5
0.5
0.5
0.5
0.5
0.5
0.5
0.5
0.5
0.5
0.5
0.5
0.5
0.5
0.5
0.5
0.5
0.5
0.5
0.5
0.5
0.5
0.5
0.5
0.5
0.5
0.5
0.5
0.5
0.5
0.5
0.5
0.5
0.5
0.5
0.5
0.5
0.5
0.5
0.5
0.5
0.5
0.5
0.5
0.5
0.5
0.5
1.0
0.5
0.5
-1.0
0.5
0.5
0.5
0.5
0.5
0.5
0.5
0.5
0.5
0.5
0.5
0.5
0.5
0.5
0.5
0.5
0.5
0.5
0.5
0.5
0.5
0.5
0.5
0.5
0.5
0.5
0.5
0.5
0.5
0.5
0.5
0.5
1.0
0.5
0.5
0.5
0.5
0.5
0.39092853619805323
0.5
0.5
0.5
0.5
0.5
0.5
0.5
0.5
0.5
0.5
0.5
1.0
0.5
0.5
0.5
0.5
0.5
0.5
0.5
0.5
0.5
0.5
0.5
0.5
0.5
0.5
0.5
0.5
0.5
0.5
0.5
0.5
0.5
0.5
0.5
0.5
0.39989112136307425
0.5
0.5
0.5
0.5
0.5
0.5
0.5
0.4480159481779532
0.5
0.5
0.5
0.5
0.5
0.5
0.5
0.5
0.5
0.5
0.5
0.5
0.5
0.5
0.4847654995988899
0.4688402751175937
0.5
0.5
0.5
0.5
0.5
0.5
0.5
0.5
0.5
0.5
0.5
0.5
0.5
0.5
0.5
0.5
0.5
0.5
0.5
0.5
0.5
0.5
0.5
0.5
0.5
0.5
0.5
0.5
0.5
0.5
0.5
0.5
0.5
0.5
0.5
0.5
0.5
0.5
0.5
0.5
0.5
0.5
0.5
0.5
0.5
0.5
0.5
0.5
0.5
0.5
0.5
0.5
0.5
0.5
0.5
0.5
0.5
0.5
0.5
0.5
0.5
-1.0
0.5
0.5
0.5
0.5
0.5
0.5
0.5
0.5
0.5
0.5
0.5
0.5
0.5
0.5
0.5
0.5
0.5
0.5
0.5
0.5
0.5
0.5
0.5
0.5
0.5
0.5
0.5
0.5
0.5
0.5
0.5
0.5
0.5
0.5
0.5
0.5
0.5
0.5
0.5
0.5
0.5
0.5
0.5
0.5
0.5
0.5
0.5
0.5
0.5
0.5
0.5
0.5
0.5
0.5
0.5
0.5
0.5
0.5
0.5
0.5
0.5
0.5
0.5
0.5
0.5
0.5
0.5
0.5
0.5
0.5
0.5
0.5
0.5
0.5
0.5
0.5
0.5
0.5
0.5
0.5
0.5
0.5
0.5
0.5
0.5
0.5
0.5
0.5
0.5
0.5
0.5
0.5
0.5
0.5
0.5
0.5
0.5
0.5
0.5
0.5
0.5
0.5
0.5
0.5
0.5
0.5
0.5
0.5
0.5
0.5
0.4482383402683915
0.5
0.5
0.5
0.5
0.5
0.5
0.5
0.5
0.5
0.5
0.5
0.5
0.5
0.5
0.5
0.5
0.5
0.5
0.5
0.5
1.0
0.5
0.5
-1.0
0.5
0.5
0.5
0.5
0.5
0.5
0.5
0.5
0.5
0.5
0.5
0.5
0.5
0.5
0.5
0.5
0.5
0.5
0.5
0.5
0.5
0.5
0.5
0.5
0.5
0.5
0.5
0.5
0.5
0.5
0.5
0.5
0.5
0.5
0.5
0.5
0.5
0.5
0.5
0.5
0.5
0.5
0.5
0.5
0.5
0.4509280341981165
0.5
0.5
0.5
0.5
0.5
0.5
0.5
-1.0
0.5
0.5
0.5
0.5
0.5
0.5
0.5
0.5
0.5
0.5
0.5
0.5
0.5
0.5
0.5
0.5
0.5
0.5
0.5
0.5
0.5
0.5
0.5
0.5
0.5
0.5
0.5
0.5
0.5
0.5
0.5
0.5
0.5
0.5004902782321236
0.5
0.5
0.5
0.5
0.5
0.5
0.5
0.5
0.5
0.5
0.5
0.5
0.5
0.5
0.5181158202499755
0.5
0.5
0.5
0.5
0.5
0.5
0.5
0.5
0.5
0.5
0.5
0.5
0.5
0.5
0.5
0.5
0.5
0.5
0.5
0.5
0.5
0.5
0.5
0.48286429443708406
0.5
0.5
0.45013812225061256
0.5
0.6729021457537429
0.5
0.5
0.5
0.5
0.5
0.5
0.4792133608906558
0.5
0.5
0.5
0.5
0.5
0.5
0.5
0.5
0.5
0.5
0.5
0.5
0.5
0.5
0.5
0.5
0.5
0.5
0.5
0.5
0.5
0.5
0.5
0.5
0.5
0.5
0.5
0.5
1.0
0.5
0.5
0.5
0.5
0.5
0.5
0.5
0.5
0.5
0.5
0.5
0.5
0.5
0.5
0.5
1.0
0.5
1.0
0.5
0.5
0.5
0.5
0.5
0.5
0.5
0.5
0.5
0.5
0.5
0.5
0.5
0.5
0.5
0.5
0.5
0.5
0.5
0.5
0.5
0.47155809096630036
0.5
0.5
0.5
0.5
1.0
0.5
0.5
0.5
0.5
0.5
0.5
1.0
0.5
1.0
0.5
0.5
0.5
0.5
0.5
0.5
0.5
0.5
1.0
0.5
0.5
0.5
0.5
0.5
0.5
1.0
1.0
0.5
0.5
0.5
0.5
0.5
0.5
0.5
0.5
0.5
0.5
0.5
0.5
0.5
0.5
0.5
0.5
0.5
0.5
0.5
0.5
0.5
0.5
0.5
0.5
0.5
0.5
0.5
0.5
0.5
0.5
0.5
0.5
0.5
0.5
0.5
0.5
0.5
0.5
0.5
0.5
0.5
0.5
0.5
0.5
0.5
0.5
0.5
0.5
0.5
0.5
0.5
0.5
0.5
0.5
0.5
0.5
0.5
0.5
0.5
-1.0
0.5
-1.0
-1.0
0.5
0.5
0.5
0.5
-1.0
-1.0
0.5
-1.0
0.5
-1.0
0.5
-1.0
0.5
0.5
0.5
0.5
0.5
-1.0
0.5
0.5
0.5
0.5
0.5
0.5
0.5
0.5
0.5
0.5
0.5
0.5
0.5
0.5
0.5
0.5
0.5
0.5
0.5
0.5
0.5
0.5
0.5
0.5
0.5286256109341181
0.5
0.5
0.5
0.5
0.5
-1.0
0.5
0.5
0.5
0.5
0.5
0.5
0.5
0.5
0.5
0.5
0.5
0.5
0.5
0.5
0.5
0.5
0.5
0.5
0.5
0.5
0.5
0.5
0.5
0.5
0.29641867875538197
0.5
-1.0
0.5
0.5
0.5
0.5
0.5
0.5
0.5
0.5
0.5
0.5
0.5
0.5
0.5
0.5
0.5
0.5
0.5
0.5
0.5
0.5
0.5
0.5
0.5
0.5
0.5
0.5
0.5
0.5
0.5
0.5
0.5
0.5
0.5
0.5
0.5
0.5
0.5
0.5
0.5
0.5
0.5
0.5
0.5
0.5
0.5
0.5
0.5
0.5
0.5
0.5
0.5
0.5
0.5
-1.0
0.5
0.5
0.5
0.5
0.5
0.5
0.5
0.5
0.5
0.5
0.5
0.5
0.5
0.5
0.5
0.5
0.5
0.5
0.5
0.5
0.5
0.5
0.5
0.5
0.5
0.5
0.5
0.5
0.5
0.5
0.5
0.5
0.5
0.5
0.5
0.5
0.5
0.5
0.5
0.5
0.5
0.5
0.5
0.5
1.0
0.5
0.5
0.5
0.5
0.5
1.0
0.5
0.5
-1.0
0.5
0.5
0.21382143936166698
0.5
0.5
0.5
0.5
0.5
0.5
0.5
0.5
0.5
0.5
0.5
0.5
0.5
0.5
0.5
0.5168251906743717
0.5
0.5
0.5
0.5
0.5
0.5
0.5
0.5
0.5
0.5
0.5
0.5
0.5
0.5
0.5
0.5
0.5
0.5
0.5
0.5
0.5
0.5
0.5
0.5
0.5
0.5
0.5
0.5
0.5
0.5
0.5
0.5
0.5
0.5
-1.0
0.5
0.5
0.5
0.5
0.5
0.5
0.5
0.5
0.5
0.5
0.5
0.5
0.5
0.5
0.5
0.5
0.5
0.5
0.5
0.5
0.5
0.5
0.5
0.5159812706011628
0.5
0.5
0.5
0.5
0.5
0.5
0.5
0.5
0.5
0.5
0.5
0.5
0.5
0.5
0.5
0.5
0.5
0.5
0.5
0.5
0.5
0.5
0.5
0.5
0.5
0.5
0.5
0.5
0.5
0.5
0.5
0.5
0.5
0.5
0.5
0.5
0.5
0.5
0.5
0.5
0.5
0.5
0.5
0.5
0.5
0.5
0.5
0.5
0.5
0.5
0.5
0.5
0.5
0.5
0.5
0.5
0.5
0.5
0.5
0.5
0.5
0.5
0.5
0.5
0.5
0.5
0.5
0.5
0.5
0.5
0.5
0.5
0.5
0.5
0.5
0.5
0.5
0.5
0.5
0.5
0.5
0.5
0.5
0.5
0.5
0.5
0.5
0.5
0.5
0.5
0.5
0.5
0.5
0.5
0.5
0.5
0.5
0.5
0.5
0.5
0.5
0.5
0.5
0.5
0.5
0.5
0.5
0.5
0.5
0.5
0.5
0.5
0.5
0.5
0.5
0.5
0.5
0.5
0.5
0.5
0.5
0.5
0.5
0.5
0.5
0.5
0.5
0.5
0.5
0.5
0.5
0.5
0.5
0.5
0.5
0.5
0.5
0.5
0.5
0.5
0.5
0.5
0.5
0.5
0.5
0.5
0.5
0.5
0.5
0.5
0.5
0.5
0.5
0.5
0.5
0.5
0.5
0.5
0.5
0.5
0.5
0.5
0.5
0.5
0.5
0.5
0.5
0.5
0.5
0.5
0.5
0.5
0.5
0.5
0.5
0.5
0.5
0.5
0.5
0.5
0.5
0.5
0.5
0.5
0.5
0.5
0.5
0.5
0.5
0.5
0.5
-1.0
0.5
0.5
0.5
0.5
0.5
0.5
0.5
0.5
0.5
0.5
0.5
0.5
0.5
0.5
0.5
0.5
0.5
0.5
0.5
0.5
0.5
0.5
0.5
0.5
0.5
0.5
0.5
0.5
0.5
0.5
0.5
0.5
0.5
0.5
0.5
0.5
0.5
0.5
0.5
0.5
0.5
0.5
0.5
0.5
0.5
0.5
0.5
0.5
0.5
0.5
0.5
0.5
0.5
0.5
0.5
0.5
0.5
0.5
0.5
0.5
0.5153703782876546
0.5
0.5
0.5
0.5
0.5
0.5
0.5
0.5
0.5
0.5
0.5
0.5
0.5
0.5
0.5
0.5
0.5
0.5
0.5
0.5
0.5
0.5
0.5
0.5
0.5
0.5
0.5
0.5
0.5
0.5
0.5
0.5
0.5
0.5
0.5
0.5
0.5
0.5
0.5
0.5
0.5
0.5
0.5
0.5
0.5
0.5
0.5
0.5427493986669174
0.5
0.5
0.5
0.5
0.5
0.5
0.5
0.5
0.5
0.5
0.5
0.5
0.5
0.5
0.5
0.5
0.5
0.5
0.5
0.5
0.5
0.30293398740134847
0.5
0.5
0.5
0.5
0.5
0.5
0.5
0.5
0.5
0.5
0.5
0.5
0.5
0.5
0.5
0.5
0.5
0.5
0.5
0.5
0.5
1.0
0.5
0.5
0.5
0.5
0.5
1.0
0.5
0.5
-1.0
0.5
0.5
0.5
0.5
0.5
0.5
0.5
0.5
0.5
0.5
0.5
0.5
0.5
0.5
0.5
0.5
0.5
0.5
0.5
0.5
0.5
0.5
0.5
0.5
0.5
0.5
-1.0
0.5
0.5
0.5
0.5
0.5
1.0
0.5
0.5
0.5
0.5
0.5
0.5
0.5
0.5
0.5
0.5
0.5
1.0
0.5
0.5
0.5
1.0
0.5
1.0
0.5
0.5
0.5
0.5
0.5
0.5
0.5
0.5
0.5
0.5
0.5
0.5
0.5
0.5
0.5
0.5
0.5
0.5
0.5
0.5
0.5
0.5
0.5
0.5
0.5
0.5
0.5
0.5
0.5
0.5
0.5
0.5
0.5
0.5
0.5
0.5
0.5
0.5
0.5
0.5
0.5
0.5
0.5
0.5
0.5
0.5
0.5
0.5
0.5
0.5
0.5
0.5
0.5
0.5
0.5
1.0
0.5
-1.0
-1.0
0.5
-1.0
0.5
-1.0
0.5
-1.0
0.5
0.5
0.5
-1.0
0.5
0.5
-1.0
-1.0
0.5
0.5
0.5
-1.0
0.5
0.5
-1.0
0.5
0.5
0.5
0.5
0.5
0.5
0.5
0.5
0.5
0.4849194628460525
0.5
0.5
0.5
0.5
0.5
0.5
0.5
0.5
0.5
0.5
0.5
0.5
0.5
0.5
0.5
0.5
0.5
0.5
0.5
0.5
0.5
0.4989696358996109
0.5
0.5
0.5
0.5
0.5
0.5
0.5
0.5
0.5
0.5
0.5
0.5
0.5
0.5
0.5
0.5
0.5
0.5
0.5
0.5
0.47996875596795263
0.5
0.5
0.5
0.5
0.5
0.5
0.5
0.5
0.5
0.5
-1.0
0.5
0.5
0.5
0.5
0.5
-1.0
0.5
0.5
-1.0
0.5
0.5
0.5
0.5
0.5
0.5
0.5
0.48311085670757314
0.5
0.5
0.5
0.5
0.5
0.5
0.5
0.5
0.5
1.0
0.5
0.5
0.5
0.5
0.5
0.5
0.5
0.5
0.5
0.5
0.5
0.5
0.5
0.5
0.5
1.0
0.5
1.0
0.5
0.5
0.5
0.5
0.5
0.5
0.5
0.5
0.5
0.5
0.5
0.5
0.5
0.5
0.5
0.5
0.5
0.5
0.5
0.5
0.5
0.5
0.5
0.5
0.5
0.5
1.0
0.5
0.5
-1.0
0.5
0.5
-1.0
1.0
0.5
0.5
0.5
0.5
0.5
0.5
0.5
-1.0
0.5
0.5
0.5
0.5
0.5
-1.0
0.5
0.5
0.5
1.0
0.5
0.5
0.5
0.5
0.5
0.5
0.5
0.5
0.5
0.5
0.5
0.5
0.5
0.5
0.5
0.5
0.5
0.5
0.5
0.5
0.5
0.5
0.5
0.5
-1.0
0.5
-1.0
0.5
0.5
0.5
0.5
0.5
0.4595547937962764
0.47536067235724394
0.5
0.48321762376452754
0.5
0.5
0.5
0.5
0.5
0.5
0.5
0.5
0.5
0.5
0.5
0.5
0.5
0.5
-1.0
-1.0
0.5
-1.0
0.5
-1.0
0.5
-1.0
0.5
0.5
0.5
0.5
0.5
0.5
0.5
0.5
0.5
0.5
0.5
0.5
0.5
0.5
1.0
-1.0
0.5
0.5
0.5
0.5
0.5
0.5
0.5
-1.0
0.5
0.5
0.5
0.5
0.5
0.5
0.5
0.5
0.5
0.5
0.5
0.5
0.5
0.5
0.5
0.5
0.5
0.5
0.5
0.5
0.5
0.5
0.5
0.5
0.5
0.5
0.5
0.5
0.5
0.5
0.5
0.5
0.5
0.5
0.5
0.5
0.5
0.5
0.5
0.5
0.5
0.5
0.5
0.5
0.5
0.5
0.5
0.5
0.5
0.5
0.5
0.5
0.5
0.5
0.5
0.5
0.5
-1.0
0.5
0.5
-1.0
0.5
0.5
-1.0
0.5
0.5
0.5
0.5
0.5
0.5
0.5
0.5
0.5
0.5
0.5
-1.0
0.5
0.5
0.5
0.5
0.5
-1.0
0.5
0.5
0.5
0.5
0.5
0.5
0.5
0.5
0.5
0.5
0.5
0.5
0.5
0.5
0.5
0.5
0.5
0.5
0.5
0.5
0.5
0.5
0.5
0.5
0.5
0.5
0.5
0.5
0.5
-1.0
0.5
0.5
0.5
0.5
0.5
0.5
0.5
0.5
0.5
0.5
0.5
0.5
0.5
0.5
0.5
0.5
0.5
0.5
0.5
0.5
0.5
0.5
0.5
0.5
0.5
0.5
0.5
0.5
0.5
-1.0
0.5
0.5
0.5
0.5
0.5
-1.0
0.5
0.5
0.5
0.5
0.5
0.5
0.5
0.5
0.5
0.5
0.5
-1.0
1.0
0.5
0.5
0.5
0.5322663703532965
0.5
0.5
0.5
0.5
0.5
0.5
0.5
0.5
0.5
0.5
0.5
0.5
0.5
0.5
0.5
0.5
0.5
0.5
0.5
-1.0
0.5
0.5
-1.0
0.5
-1.0
0.5
-1.0
0.5
0.5
0.5
0.5
0.5
0.5
0.48033132490699104
0.477153649382395
0.5
0.5
0.5
0.5
0.5
0.5
0.5
0.5
0.5
0.5
0.5
-1.0
0.5
-1.0
0.5
0.5
-1.0
-1.0
0.5
0.5
0.5
0.5
0.5
0.5
0.5
0.5
0.5
0.5
0.5
0.5
0.5
-1.0
0.5
0.5
-1.0
0.5
0.5
0.5
0.5
-1.0
0.5
-1.0
-1.0
0.5
0.5
0.5
0.5
0.5
0.5
0.5
0.5
0.5
0.5
0.5
0.5
0.5
0.5
0.5
0.5
0.5
0.5
0.5395210367165563
0.5
0.5
0.5
0.5
0.5
0.5
0.5
0.5
0.5
0.5
0.5
0.5
0.5000109621455034
0.5
0.5
0.5006190416171964
0.5
0.5118539044631079
0.5
0.5
0.5
0.5
0.5
0.5
0.5
0.5
0.5
0.5
0.5
0.5
0.5
0.5
0.5
0.4792099024077337
0.5
0.5
0.5
0.5
0.5
0.5
0.5
0.5
0.5306154547016833
0.5
0.5
0.5
0.5
0.5
0.5
0.5
0.5
0.5
1.0
-1.0
0.5
0.5
0.5
0.5
0.5
0.5
0.5
0.5
0.5
0.5
0.5
0.5
0.5
0.5
0.5
1.0
0.5
1.0
0.5
0.5
0.5
0.5
0.5
0.22869215141683563
0.5
0.5
1.0
0.5
0.5
0.5
0.5
0.5
0.5
1.0
1.0
0.5
0.5
0.5
0.5
0.5
0.5
0.5
0.5
0.5
1.0
0.5
0.5
0.5
0.5
0.5
0.5
0.5
0.5
0.5
0.5
0.5
0.5
0.5
0.5
0.5062648448166062
1.0
0.5
1.0
0.5
0.5
0.5
0.5
0.5
0.5
1.0
1.0
0.5
0.5
0.5
0.5
0.5
0.5
-1.0
0.5
0.5
0.5
0.5
0.5
0.5
0.5
0.5
0.5
0.5
1.0
0.5
0.5
0.5
0.5
0.5
0.5
0.5
0.5
0.5
0.5
0.5
0.5
0.5
0.5
0.5
0.5
0.5
1.0
0.5
0.5
0.5
0.5
0.5
0.5
0.5
0.5
-1.0
0.5
0.5
0.5
0.5
0.5
0.5
0.5
0.4844234937610067
0.4640038207568464
0.5
0.5
0.5
0.5
0.5
0.5
0.5
0.4985896395313936
0.5
0.36122180431766676
0.5
0.5
0.5
0.5
-1.0
0.5
-1.0
-1.0
0.5
0.5
0.5
0.5
0.5
0.5
0.5
0.5
-1.0
0.5
0.5
0.5
0.5
0.5
-1.0
0.5
-1.0
0.5
0.5
0.5
0.5
0.5
0.5
0.5
0.5
0.5
0.5
0.5
0.5
0.5
0.5
0.5006197813320926
0.5
0.5
0.5
0.5
0.5
0.5
0.5
0.5
0.5
0.5
0.5
0.5
0.5
0.5
0.5
0.5
0.5
0.5
0.5
0.5
0.5
0.5
0.5
0.5
0.5
0.5
0.5033664310884305
0.5
0.5074828569620154
0.5
0.5
0.5
0.5002547405120104
0.4989161767067196
0.5
0.5
0.5
0.5
0.5
0.5
0.5
0.5
0.5
0.5
0.5076602963548125
0.5
0.5
0.5
0.5
0.5
0.5
0.5128358033610726
0.5
0.5
0.5
0.5
0.500591692899963
0.5209476457842842
0.5
0.5
0.5
0.5
0.5
0.5
0.5
0.5
1.0
0.5
0.5
0.5
0.5
0.5
0.5
0.5
0.5
0.5
0.5
0.5
0.5
0.5
0.5
0.5
0.5
0.5
0.5
0.5
0.5
0.5496062828740063
0.5
0.5
0.5
0.5
0.5
0.5
0.5
0.5
0.5
0.5
0.5
0.5
0.5
0.5
0.5
0.5
0.5
0.5
0.5
0.5
0.5
0.5721486870122621
0.5
0.5
0.5
0.5004046197192915
0.5
0.5442298528377991
0.5
0.5
0.5
0.5
0.5
0.5
0.5
0.5
0.5
0.5885886668256809
0.5
0.5186448014696041
0.5
0.5
0.5
0.5105440915771453
0.5
0.5
0.5
0.5
0.5
0.5
0.5
0.5
0.5
0.5
0.5
0.5
0.5
0.5
0.5
0.5
0.5
0.5
0.5
0.5
0.5
0.5373398541839078
0.5
0.5
0.5
0.5
0.5
0.5
0.5
0.5
0.5
0.5
0.5
0.5
0.5
0.5
0.5
0.5
0.5
0.5
0.5
0.5
1.0
0.5
0.5
-1.0
0.5
0.5
0.5
0.5
0.5
0.5
0.5
0.5
0.5
0.5
0.5032145284555594
0.4858248909761188
0.5
0.5
0.5
0.5
0.5
-1.0
0.5
0.48268053132987504
0.45412984707322473
0.5
0.5
0.5
0.5
-1.0
-1.0
0.5
0.5
0.5
0.5
0.5
0.5
0.5
0.5
0.5
0.5
0.5
0.5
0.5
0.5
0.5
0.5
0.5
0.5
0.5
0.5
0.5
0.5
0.5
1.0
0.5
0.5
0.5
0.5
0.5
0.5
0.5
0.5
0.5
0.5
0.5
0.5
0.5
0.5
0.5
0.5
0.5
0.5
0.5
0.5
0.5
0.5
0.5
0.5
0.5164221677165542
0.5
0.5
0.5
0.5
0.5
0.5
0.5
0.5
0.5
0.5
0.5
0.5
0.5
0.5
0.5
0.5
0.5
0.5110349434381398
0.5
0.5
0.5
0.4777357618811243
0.5
0.5
0.5
0.5
0.5
0.5
0.5
0.5
0.5
0.5
0.5
0.5135066903732709
0.5
0.5126668574693202
0.5
0.5
0.5
0.5
0.5
0.5
0.5
0.5
0.5
0.5
0.5
0.5
0.5
0.5
0.5
0.5
0.5
0.5
0.5
0.5
0.5
0.5
0.5
0.5
0.5
0.5
0.5
0.5
0.5
0.5
0.5
0.5
0.5
0.5
0.5
0.5
0.5
0.5
0.5
0.5
0.5
0.5
0.5
0.5
0.5
0.5
0.5
0.5
0.5
0.5
0.5
0.5
0.5
0.5
0.5
0.5
0.5
0.5
0.5
0.5
0.5
0.5
1.0
0.5
0.5
0.5
0.5
0.5
1.0
0.5
0.5
0.5
0.5
0.5
0.5
0.5
0.5
0.5
1.0
0.5
1.0
0.5
0.5
0.5
1.0
0.5
0.5
0.5
0.5
0.5
0.5
0.5
0.5
0.5
0.5
0.5
0.5
0.5
0.5
0.5
0.5
0.5
0.5
0.5
0.5
0.5
0.5
0.5
0.5
0.5
0.5
0.5
0.5
0.5
0.5
0.5
0.5
0.5
0.5
0.5
0.5
-1.0
0.5
0.5
0.5
0.5
0.5
0.5
0.5
-1.0
-1.0
0.5
0.5
0.5
0.5
0.5
0.5
0.5
0.5
0.5
0.5
0.4788199448851881
0.5
0.5
0.5
0.5
0.5
-1.0
0.5
0.5
0.5
0.5
0.5
0.5
0.5
0.5
-1.0
0.5
-1.0
0.5
0.5
0.5
0.5
0.5
0.5
0.5
-1.0
0.5
0.5
0.5
0.5
0.5
0.5
0.5
0.5
0.5
0.5
0.5
0.5
0.5
0.5
1.0
0.5
0.5
-1.0
0.5
0.5
0.5
0.5
0.5
0.5
0.5
0.5
0.5
0.5
0.5
0.5
0.5
0.5
0.5
0.5
0.5
0.5
0.5
0.5
0.5
0.5
0.5
1.0
0.5
0.5
0.5
0.5
0.5
0.5
0.5
0.5
0.5
0.5
0.5
0.5
0.5
0.5149108604195877
0.5553010510481315
0.5
0.5
0.5
0.5
0.5
0.5126823207751112
0.5
0.5
0.5
0.5
0.5
0.5
0.5
0.5
0.5
0.5
0.5
0.5
0.5
0.5
0.5
0.5
0.5
0.5
0.5
0.5
0.5
0.5
0.5
0.5
0.5
0.5
0.5
0.5
0.5
0.5
0.5
0.5
1.0
0.5
0.5
0.5
0.5
0.5
0.5
0.5
0.5
0.5
0.5
0.5
0.5
0.5
0.5
0.5
0.5
0.5
0.5
0.5
0.5
0.5
0.5
0.5
0.5
0.5178701772726155
0.5
0.5
0.5
0.5
0.5
0.5
0.5
0.5
0.5
0.5
0.5
0.5
0.5
0.5
0.5
0.5
0.5
0.5001428568180608
0.5
0.5
0.5
0.5
0.5
0.5
0.5
0.5
0.5062162338033703
0.5
0.5
0.5
0.5
0.5
0.5055033197040699
0.5002537269011127
0.49945933021725547
0.5
0.5
0.5
0.5
0.5
0.5
0.5
0.5
0.5
0.5
0.5
0.5
0.5
0.5
0.5
0.5
0.5
0.5
0.5
0.5
1.0
0.5
0.5
0.5
0.5
0.5
0.5
0.5
0.5
0.5
0.5
0.5
0.5
0.5
0.5
0.5
0.5
0.5
0.5
0.5
0.5
0.5
0.5
0.5
0.5
0.5
0.5
1.0
0.5
0.5
0.5
0.5
0.5
0.5
0.5
0.5
0.5
0.5
0.5
0.5
0.5
0.5
0.5196530590098573
0.5
0.5
0.5
0.5
0.5
0.5
0.5
0.5
0.5
0.5
0.5
1.0
0.5
0.5
0.5
0.5
0.5
0.5
0.5
0.5
0.5
0.5
0.5
0.5
0.5
0.5
0.5
0.5
0.5
0.5
0.5
0.5
0.5
0.5
0.5
0.5
0.5
0.5
0.5
0.5
0.5
0.5
0.5
0.5
0.5
0.5
0.5
0.5
0.5
0.5
0.5
0.5
0.5
0.5
0.5
0.5
0.5
0.5
0.5
0.5
0.5
0.5
0.5
0.5
0.5
0.5
0.5
0.5
0.5
0.5
0.5
0.5
0.5
0.5
0.5
0.5
0.5
0.5
0.5
0.5097468679211205
0.5
0.5
0.5
0.5
0.49971567097717323
0.4942406813967851
1.0
0.5
0.5
0.5
0.5
0.5
0.5
0.5
0.5
0.5
0.5
0.5585093518305502
1.0
0.5
0.5
0.5
0.5
0.5
1.0
0.5
0.5
0.5
0.5
0.5
0.5
0.5
0.5
0.5
0.5
0.5
0.5
0.5
0.5
0.5
0.5
0.5
0.5
0.5
0.5
0.5
0.5
0.5
0.5
0.5
0.5
0.5
0.5
0.5
0.5
0.5
0.5
0.5
0.5
0.5
0.5
0.5
0.5
0.5
1.0
0.5
0.5
0.5
1.0
0.5
1.0
0.5
0.5
0.5
0.5
0.5
0.5
0.5
0.5
0.5
0.5
0.5
0.5
0.5
0.5
0.5
0.5
0.5
0.5
0.5
0.5
0.5
0.5
0.5
0.5
0.5
0.5
1.0
0.5
0.5
0.5
0.5
0.5
0.5
0.5
0.5
0.5
0.5
0.5
0.5
0.5
0.5
0.5
0.5
0.5
0.5
0.5
0.5
1.0
0.5
0.5
0.5
1.0
0.5
0.5
0.5
0.5
0.5
0.5
0.5
0.5
0.5
0.5
0.5
0.5
0.5
0.5
0.5
0.5
0.5
0.5
-1.0
0.5
0.5
0.5
0.5
0.5
0.5
0.5
-1.0
-1.0
0.5
0.5
0.5
0.5
0.5
0.5
0.5
0.5
0.5
0.5
0.49355768341809
1.0
0.5
0.5
0.5
0.5
-1.0
0.5
0.5
0.41987502387181064
0.5
0.5
0.5
0.5
0.5
-1.0
0.5
-1.0
0.5
1.0
0.5
0.5
1.0
0.5
0.5
0.5
0.5
0.5
0.5
0.5
0.5
0.5
0.5
0.5
0.5
0.5
0.5
0.5
0.5
0.5
1.0
0.5
0.5
-1.0
0.5
0.5
0.5
0.5
0.5
0.5
0.5
0.5
0.5
0.5
0.5
0.5
0.5
0.5
0.5
0.5
0.5
0.5
0.5
0.5
0.5
0.5
0.5
0.5
0.5
0.17683479649521738
0.5
0.5
0.5
0.5
0.5
0.5
0.5
0.5
0.5
0.5
0.5
0.5
0.5
0.5
0.5
0.5
0.5
0.5
0.5
0.5
0.5
0.5
0.5
0.5
0.5
0.5
0.5
0.5
0.5
0.5
0.5
0.5
0.5
0.5
0.5
0.5
0.5
0.5
0.5
0.5
0.5
0.5
0.5
0.5
0.5
0.5
0.5
0.5
0.5
0.5
0.5
0.5
0.5
0.5
0.5
0.5
0.5
0.5
0.5
0.5
0.5
0.5
0.5
0.5
0.5
0.5
0.5
0.5
0.5
0.5
0.5
0.5
0.5
0.5
0.5
0.5
0.5
0.5
0.5
0.5
0.5
0.5
0.5
0.5
0.5
0.5
0.5
0.5
0.5
0.5
0.5
0.5
0.5
0.5
0.5
0.5
0.5
0.5
0.5
0.5
0.5
0.5
0.5
0.5
0.5
0.5
0.5
0.5
0.5
0.5
0.5
0.5
0.5
0.5
0.5
0.5
0.5
0.5
0.5
0.5
0.5
0.5
0.5
0.5
0.5
0.5
0.5
0.5
0.5
0.5
0.5
0.5
0.5
0.5
1.0
0.5
1.0
0.5
0.5
0.5
0.5
0.5
0.5
0.5
0.5
0.5
0.5
0.5
0.5
0.5
0.5
0.5
-1.0
0.5
0.5
0.5
0.5
0.5
0.5
0.5
0.5
-1.0
0.5
-1.0
0.5
0.5
0.5
0.5
0.5
0.5
0.5
-1.0
0.5
0.5
0.5
0.5
0.5
0.5
0.47414905564561105
-1.0
0.5
-1.0
0.5
0.5
0.5
0.5
0.5
0.5
0.5
0.5
-1.0
0.5
0.5
0.5
0.5
0.5
0.5
-1.0
0.5
0.5
0.5
0.5
0.5
0.5
0.5
0.5
0.5
-1.0
0.5
0.5
0.5
0.5
0.5
0.5
0.5
-1.0
-1.0
0.5
0.5
0.5
0.5
0.5
0.5
0.5
0.5
0.5
0.5
0.5
0.5
0.5
0.5
0.5
0.5
0.5
0.5
0.5
0.5
0.5
0.5170361682860918
0.5
0.5
0.5
0.5
0.5
0.5
0.5
0.5
0.5
0.5
0.5
0.5
0.5
0.5
0.5
0.5912352859350816
1.0
0.5
0.5
0.5
0.5
0.529756858518331
1.0
0.5
0.5
0.5
0.5000837393475542
0.5
0.5
0.5
0.5137617583565063
1.0
0.5
0.5151994950022415
1.0
0.5
0.5
1.0
0.5
0.5
0.5
0.5
0.5
0.5
0.5
0.5
0.5
0.5
0.5
0.5
0.5
0.5
0.5
0.5
0.5
0.5
0.5
0.5
0.5
0.5
0.5
0.5
0.5
0.5
0.5
0.5
0.5
0.5
0.5
0.5
0.5
0.5
0.5
0.5
0.5
0.5
0.5
0.5
1.0
0.5
1.0
0.5
0.5
1.0
1.0
1.0
0.5
0.5
0.5
0.5
0.5
0.5
0.5
0.5
0.5
0.5
0.5
0.5
0.5
0.5
0.5
0.5
0.5
0.5
0.5
0.5
0.5
1.0
0.5
0.5
0.5
1.0
0.5
1.0
0.48223698108682844
1.0
0.5
0.5
0.5
0.5
0.5
1.0
0.5
0.5
0.5
0.5
0.5
0.5
0.5056979958156317
0.5
0.5
0.5
1.0
0.5
0.5
0.5
0.5
1.0
0.5
1.0
0.5
0.5
0.5
0.5
0.5
0.5
0.5
0.5
0.5
0.5
0.5
0.5
0.5
0.5
0.5
0.5
0.5
0.5
0.5
0.5
0.5
0.5
0.5
1.0
0.5
0.5
-1.0
0.5
0.5
0.5
0.5
0.5
0.5
0.5
0.5
0.5
0.5
0.5108692674455583
1.0
0.5
0.5
1.0
0.5
0.5
0.5
0.5
0.5
1.0
0.5
0.5
0.5
0.5
-1.0
0.5
0.5
0.5
0.5
0.5
0.5
1.0
0.5
0.5
0.5
0.5
0.5
0.5
0.5
0.5
-1.0
0.5
0.5
0.5
0.5
0.5
-1.0
0.5
-1.0
0.5
0.5
0.5
0.5
0.5
0.5
0.5
0.5
0.5
0.5
0.5
0.5
0.5
0.5
0.5
0.5
0.5
0.5
0.36729044446846193
0.5
0.5
0.5
0.5
0.5
0.5
0.5
0.4739124316735925
1.0
0.5
0.5
0.5
0.5
0.5
0.5
0.5
0.5
0.5
0.5
0.5
0.5
0.5
0.5
0.4659973437098419
0.5
0.48408485756797626
0.4430008017774434
0.5
0.5
0.5
0.5
0.4710537997785958
0.47838247183692745
0.5
0.4813963191029071
0.5
0.5
0.5
0.5
0.5
0.5
0.5
0.5
0.5
0.5
0.5
0.5
0.5
0.5
0.5
0.5
0.5
0.5
0.5224203388080755
0.5
0.5
0.5
0.5
0.5
0.5
0.5
0.5
1.0
0.5
0.5
0.5
0.5
0.5
0.5
0.5
0.5
0.5
0.5
0.5
0.5
0.5
0.5
0.5
0.5
0.5
0.5
0.5
0.5
0.5
0.5
0.5
0.5
0.5
0.5
0.5
0.5
0.5
0.5
0.5
0.5
0.5
0.5
0.5
0.5
0.5
0.5
0.5
0.5
0.472277277506026
0.5
0.5258992616749883
0.4788436031458629
0.5
0.5
0.5118767978633628
0.5179610300551942
0.5
0.5
0.5
0.5
0.5
0.5
0.5
0.5
0.5
0.5
0.5172288719646645
0.5
0.5
0.4838846267783788
0.5
0.5
0.5
0.5143459992834353
0.5
0.5
0.5
0.5
0.5
0.5
0.5
0.5
0.5
0.5
0.5
0.5
0.5
0.5
1.0
-1.0
0.5
0.5
0.5
0.5
0.5
0.5
0.5
0.5
0.5
0.5
0.5
0.5
0.5
0.5
0.5
0.5
0.5
0.5
0.5
0.5
0.5
0.5
0.5
0.5
0.5
1.0
0.5
0.5
0.5
0.5
0.5
0.5
0.5
0.5
0.5
0.5
0.5
0.5
0.5
0.5
0.5
0.5
0.5
0.5
0.5
0.5
0.5
0.5
0.5
0.4845647292087279
0.5
0.5
1.0
0.5
0.5
-1.0
0.5
0.5
0.5
0.5
0.5
-1.0
0.5
0.5
0.5
0.5
0.5
0.5
0.5
0.5
0.5
0.5
0.5
0.5
0.5
0.5
0.5
0.5
0.5
0.5
0.5
0.5
0.5
0.5
0.5
0.5
0.5
0.5
0.5
0.5
0.5
0.5
0.5
0.5061060149836057
0.5
0.5
0.5
0.5
0.5
0.5
0.5
0.5
0.3410870607403872
0.5
0.5
0.5
0.5
0.5
0.5
0.5
0.5
0.5
0.5
0.5
0.5
0.5
0.5
0.5
0.5
0.5
0.4494148752528971
0.5
0.5
0.4299081059214736
0.5
0.46317785981426973
0.5
0.4781037763779276
0.5
0.5
0.5
0.5076442149329774
0.5
0.5
0.5
0.5
0.5
0.5
0.5135160044346075
0.5
0.5
0.5
0.5
0.5
0.5
0.5
0.5
0.5
0.5
0.5
0.5
0.5
0.5
0.5
0.5
0.5
0.5
0.5
0.5
0.5
1.0
-1.0
0.5
0.5
0.5
0.5
0.5
0.5
0.5
0.5
0.5
0.5
0.5
0.5
0.5
0.5
0.5
0.5
0.5
0.5
0.5
0.5
0.5
0.5
0.5
0.5
0.5
0.5
0.5
0.5
0.5
0.5
0.5
0.5
0.5
0.4475639093996141
0.5
0.5
0.5
0.5
0.5
1.0
0.5
1.0
0.5
0.5
1.0
1.0
1.0
0.5
0.5
0.5
1.0
0.5
0.5
0.5
0.5
0.5
1.0
1.0
1.0
0.5
1.0
0.5
1.0
0.5
1.0
0.5
0.5
0.5
0.5
0.5
0.5
-1.0
0.5
0.5
0.5
0.5
0.5
-1.0
0.5
0.5
-1.0
0.5
0.5
0.5
0.5
0.5
0.5
0.5
0.5
0.5
0.5
0.5
0.5
0.5
0.5
0.5
0.5
0.5
0.5
0.5
0.5
0.5
0.5
0.5
0.5
0.5
1.0
0.5
0.5
-1.0
0.5
0.5
0.5
0.5
0.5
-1.0
0.5
0.5
0.5
0.5
0.5
0.5
0.5
0.4767438357579339
0.5
0.5
0.5
-1.0
0.5
0.5
0.5
0.5
0.5
0.5
0.5
-1.0
-1.0
0.5
0.5
-1.0
0.5
-1.0
-1.0
0.5
0.5
0.5
0.5
0.5
0.5
0.5
0.5
0.5
0.5
0.5
0.5
0.5
0.5
0.5
0.5
0.5
1.0
0.5
0.5
0.5
0.5
0.5
0.5
0.5
0.5
0.5
0.5
0.5
0.5
0.5
0.5
0.5
0.5
0.5
0.5
0.5
0.5
0.5
0.5
0.5
0.5
0.5
0.5
1.0
0.5
0.5
0.5
0.5
0.5
0.5
0.5
0.5
0.5
0.5
0.5
0.5
0.5
0.5
0.5
0.5
0.5
0.4736294170203694
0.5
0.5
0.5
0.5
0.5
0.5690991057434898
0.5
0.46852536804605066
1.0
0.5
0.5
0.5
0.5
0.5
0.5
0.5
0.5
0.5
0.5
0.5
0.5
0.5
0.5
0.5
0.5
0.5
0.5
0.5
0.5
0.5
0.5
0.5
0.5
0.5
0.5
0.5
0.5
0.5
0.5
0.5
0.5
0.5
0.5
0.5
0.5
0.5
0.5
0.5
0.5
0.5
0.5
0.5
0.5
0.5
0.5
0.5
0.5
0.5
0.5
0.5
0.5
0.5
1.0
0.5
0.5
0.5
0.5
0.5
0.5
0.5
0.5
0.5
0.5
0.5
0.5
0.5
0.5
0.5
0.5
0.33732559079237523
0.5
0.5
0.5
0.5
0.5
0.5
0.5
0.5
0.5
0.5
0.4811878717882674
0.5
0.5
0.5
0.5
0.5
0.5
0.5
0.5
0.5
0.5
0.5
0.5
0.5
0.5
0.5
0.5
0.5
0.5
0.5
0.5
0.5
0.5
0.5
0.5
0.5
1.0
0.5
0.5
0.5
0.5
0.5
0.5
0.5
0.5
0.5
0.5
0.5
0.5
0.5
0.5
0.5
0.5
0.5
0.5
0.5
0.5
0.5
0.5
0.5
0.5
0.5
0.5
0.5
0.5
0.5
0.5
0.5
0.5
0.5
0.5
0.5
0.5
0.5
0.5
0.5
0.5
0.5
0.5
0.5
0.5
0.5
0.5
0.5
0.5
0.5
0.5
0.5050955667421213
0.5
0.5
1.0
0.5
0.5
0.5
0.5
0.5
0.5
0.5
0.5
0.5
0.5
0.5
0.5
0.5
0.5
0.5
0.5
0.5
0.5
0.5
0.5
0.5
0.5
0.5
0.5
0.5
0.5
0.5
0.5
0.5
0.5
0.5
0.5
0.5
0.5
0.5
0.5
0.5
0.5
0.5
0.5
0.5
0.5
0.5000201898758199
0.5
0.5
0.5
0.5001575540298289
0.5
0.5008657767552422
0.5
0.5
0.5
0.5
0.5
0.5
0.5
0.5
0.5
0.5000204323850879
0.5
0.5
0.5
0.5
0.5
0.5026064479991383
0.5259507312561473
0.5
0.5
0.5
0.5
0.5
0.5
0.5
0.5
0.5
0.47073733450340827
0.5
0.5
0.5
0.5
0.5
0.5
0.5
0.5
0.5
0.5
0.5
0.47723913631972176
0.5
0.5
0.5
0.5
0.5
-1.0
0.5
0.5
0.5
0.5
0.5
0.47546387391856
0.5
0.5
0.5
0.5
0.5
0.5
0.5
0.5
0.43344683086182145
0.5
0.5
0.511465025169773
0.5020389935631088
0.5305849034466318
0.5
0.5
0.5
0.5
0.5
0.5
0.5
0.5
0.5
0.5
0.5
0.5
0.5
0.5
0.5
0.4728649863444676
0.5
0.5
0.5
0.5
0.5
0.5
0.5
0.5
0.5
0.5
0.5
0.5
0.5
0.5
0.5
0.5
1.0
-1.0
0.5
0.5
0.5
0.5
0.5
0.5
0.5
0.5
0.5
0.5
0.5
0.5
0.5
0.5
0.5
0.5
0.5
0.5
0.5
0.5
0.5
0.5
0.5
0.5
0.5
0.5
0.5
0.5
0.5
0.5
0.5
0.5
0.5
0.5
0.5
0.5
0.5
0.5
0.5
0.5
0.5
0.5
0.5
0.5
0.5
0.5
1.0
0.5
0.5
0.5
0.5
0.5
1.0
0.5
0.5
0.5
0.5
0.5
0.5
0.5
0.500419479665202
0.5
0.5
0.5
0.5
0.5
0.5
0.5
0.5
0.5
0.5
0.5
0.5
0.5
0.5
0.5
0.5
0.5
0.5
0.5
0.5
0.5
0.5
0.4999999987850674
0.5
0.5
0.5
0.47236976376019707
0.5
0.5
0.5
0.5
0.5
0.5
0.5
0.5
0.44
0.5
0.5
0.4072140209556371
0.5
0.4996210198923605
0.5
0.5
0.467360636887556
0.5
0.5
0.5
0.5
0.5
0.5
0.5
0.44031788172661207
0.5
0.5
0.5
0.5
0.5
0.5
0.5
0.5
0.5
0.5
0.5113085029951547
0.5
0.5
0.5
0.5
0.5
0.5
0.47559980857090156
0.5
0.5
0.5
0.5
0.5
0.5
0.5
0.5
0.5
0.5
0.5
0.5
0.5
0.5
0.5
0.5
0.5
0.5
0.5
0.5
0.5
0.5
0.5
0.5
0.5
0.5
0.5
0.5
0.5
0.5
-1.0
0.5
0.5
0.5
0.5
0.5
0.5
0.5
0.5
0.5
0.5
0.5
0.5
0.5
0.5
0.5
0.5
0.5
0.5
0.5
0.5
0.5
0.5
0.5
0.5
0.5
0.5
0.5
0.5
0.5
0.45699557827457893
0.5
0.5
0.5
0.5
0.5
0.5
0.5
0.5
1.0
0.5
0.5
0.5
1.0
0.5
1.0
0.5
0.5
0.5
0.5
0.5
0.4727765985803073
0.5
0.5
0.5
0.5
0.5
0.5
0.5
0.5
0.5
0.5
0.5
0.5
0.5
0.5
0.5
0.5
0.5
0.5
0.5
0.5
0.5
0.5
0.5
0.5
0.5
0.5
0.5
0.5
0.5
0.5
0.5
0.5
0.5
0.5
0.5
0.5
0.5
0.5
0.5
0.5
0.5
0.5
0.5
0.5
0.5
0.5
0.5
0.5
0.5
0.5
0.5
0.5
0.5
0.5
0.5
0.5
0.5
0.5
0.5
0.5
0.5
0.5
0.5
0.5
0.5
0.5
0.5
0.5
0.5
0.5
0.5
0.5
0.5
0.5
0.5
0.5
0.5
0.5
0.5
0.5
0.5
0.5
0.5
0.5
0.5
0.5
0.5
0.5
0.5
0.5
0.5
0.5
0.5
0.5
0.5
1.0
0.5
0.5
0.5
1.0
0.5
1.0
0.5
0.5
0.5
0.5
0.5
0.5
0.5
0.5
0.5
0.5
0.5
0.5
0.5
0.5
0.5
0.5
0.5
0.4824770264803684
0.5
0.5
0.5
0.5
0.5
0.5
0.5
0.5
1.0
0.5
0.5
0.4769802415098842
0.5
0.5
0.5
0.5
0.5
-1.0
0.5
0.5
0.5
0.5
0.5
0.5
0.5
0.5
0.5
1.0
0.5
1.0
0.5
0.5
1.0
1.0
1.0
0.5
0.5
0.5
0.5
0.46576324509641603
0.5
0.5
0.5
0.5
0.5
0.5
0.5
0.5
0.5
0.5
0.5
0.5000139349265802
0.5
0.5
0.5
0.5
0.5
0.5
0.5
0.5
0.5
0.5
0.5
0.5
0.5
0.5
0.5
0.5
0.5
0.5
0.5
0.5
0.5
0.5
0.5
0.5
0.5
0.5
0.5
0.5
0.5
0.5
0.5
0.5
0.5
0.5
0.5
0.5
0.5
0.5
0.5
0.5
0.5
0.5
0.5
0.5
0.5000993666547604
0.5
0.5
0.5
0.5
0.5
0.4678036594502023
0.5
0.5
0.5
0.5
0.5
0.42240888813838506
0.5
0.5
0.5
0.5
0.5
0.5
0.5
0.5
0.5
0.5
0.5
0.5
0.5
0.5
0.5
0.5
0.5
0.5
0.5
0.5
0.5
0.5
0.5
0.5
1.0
0.5
0.5
0.5
0.5
0.5
0.5
0.5
0.5
0.5
0.5
0.5
1.0
0.5
0.5
0.5
0.5
0.5
1.0
0.5
0.5
0.5
0.5
0.5
0.5
0.5
0.5
0.5
0.5
0.5
0.5
0.5
0.5
0.5
0.5
0.5
0.5
0.5
0.5004259017305344
0.5
0.5
0.5
0.5
0.5
0.49263318890900276
1.0
-1.0
0.5
0.5
0.5
0.5
0.5
0.5
0.5
1.0
0.5
0.5
0.5
0.5
0.5
0.5
0.5
0.5
0.5
0.5
0.6984251314960249
1.0
0.5
0.5
1.0
0.5
0.5
0.5
0.5
0.5
0.39628311470650746
0.5
0.5
0.5
0.5
0.5
0.5
0.5
0.09008617512020234
0.5
0.5
0.5
0.5
0.5
0.5
0.5
0.5
0.5
0.5
0.5
0.5
0.5
0.5
0.5
0.5
0.5
0.5
0.5
0.5000072988355445
0.5
0.5
0.5
0.5
0.5
0.5
0.5
0.5
0.5
0.5
0.5
0.5
0.5
0.5
0.5
0.5
0.5
0.5
0.5
0.5
0.5
0.5
0.5
0.5
0.5
-1.0
0.5
-1.0
-1.0
0.5
0.5
0.5
0.5
-1.0
-1.0
0.5
-1.0
0.5
-1.0
0.5
-1.0
0.5
0.5
0.5
0.5
0.5
-1.0
0.5
0.5
0.5
0.5
0.5
0.5
0.5
0.5
0.5
0.5
0.5
0.5
0.4918049898319823
0.5
0.5
0.5
0.5
0.5
0.5
0.5
0.5
0.5
0.5
0.5
0.46220236850315377
0.5
0.5
0.5
0.5
0.5
-1.0
0.5
0.5
0.5
0.5
0.5
0.5
0.5
0.5
0.44063158627582505
0.5
0.5
0.5
0.5
0.5
0.5
0.5
0.5
0.5
0.5
0.5
0.45628532833842794
0.5
0.5
0.5
0.5
0.5
-1.0
0.5
0.5
0.5
0.5
0.5
0.5
0.5
0.5
0.5
0.5
0.5
0.5
0.5
0.5
0.5
0.5
0.5
0.5
0.5
0.5
0.5155120529258072
0.5
0.5
0.5
0.5
0.5
0.5
0.5
0.5
0.5
0.5
0.5
0.5
0.5
0.5
0.5
0.5
0.5
0.5
0.5
0.5
0.5
0.5
0.5
0.5
0.5
0.5
0.5
0.5
0.5
0.5
0.5
0.5
0.5
0.5
0.5
0.5
0.5
0.5
0.5
0.5
0.5
0.5
0.5
0.5
0.5
0.5
0.5
0.5
0.5
0.5
0.5
0.5
0.5
0.5
0.5
0.5
0.5
0.5
0.5
0.5
0.5
0.5
0.5
0.5
0.5
0.5
0.5
0.5
0.5
0.5
0.5
0.5
0.5
0.5
0.5
0.5
0.5
1.0
0.5
0.5
0.5
0.5
0.5
0.5
0.409963490398882
0.5
-1.0
0.5
0.5
0.5
0.5
0.5
0.5
0.4901003735958118
0.5
0.5
0.5
0.5
0.5
0.5
0.5
0.5
0.5
0.5
0.5
0.5
0.5
0.5
0.5
0.5
0.5
0.5
0.5
0.5
0.5
0.5
0.5
0.5
0.5
0.5
0.5
0.5
0.4824177771334444
0.5
0.5
0.5
0.5
0.5
0.5
0.5
0.5
0.5
0.5
0.5
0.465080161734999
0.5
0.5
0.5
0.5
0.5
-1.0
0.5
0.5
0.5
0.5
0.5
0.5
0.5
0.5
0.5
0.5
0.5
0.5
0.5
0.5
0.5
0.5
0.5
0.5
0.5
0.5
0.5
0.48302965870825054
0.5
0.5
0.5
0.5
0.5
0.5
0.5
0.5
0.5
0.5
0.5
0.5
0.5
0.5
0.5
0.5
0.5
0.5
0.5
0.5
0.5
0.5
0.5
0.5
0.5
0.5
0.5
0.5
0.5
0.45053701994262857
0.5
-1.0
0.5
0.5
0.5
0.5
0.5
0.5
0.5
0.5
0.5
0.5
0.5
0.5
0.5
0.5
0.5
0.5
0.5
0.5
0.5
0.5
0.5
0.5
0.5
0.5
0.5
0.5
0.5
0.5
0.5
0.5
0.5
0.5
0.5
0.5
0.5
0.5
0.5
0.5
0.5
0.5
0.5
0.5
0.5
0.5
1.0
0.5
0.5
0.5
0.5
0.5
0.5
0.5
0.5
0.5
0.5
0.5
0.5
0.5
0.5
0.5
0.5
0.5
0.5
0.5
0.5
0.5
0.5
0.5
0.5
0.5
0.5
0.5
0.5
0.5
0.5
0.5
0.5
0.5
0.5
0.5
0.5
0.5
0.5
0.5
0.5
0.5
0.5
0.5
0.5
0.5
0.5
0.5
0.5
0.5
0.5
0.5
0.5
0.5
0.5
0.5
0.5
0.5
0.5
0.5
0.5
0.5
0.5
0.5
0.5
0.5
0.5
0.5
0.5
0.5
0.5
0.5
0.5
0.5
0.5
0.5
0.5
0.5
0.5
0.5
0.5
0.5
0.5
0.5
0.5
0.5
0.5
0.5
0.5
0.5
0.5
0.5
0.5
0.5
0.5
0.5
0.5
0.5
0.5
0.5
0.5
0.5
0.5
0.5
0.5
0.5
0.5
0.5
1.0
0.5
0.5
0.5
0.5
0.5
0.5
0.5
0.5
-1.0
0.5
0.5
0.5
0.5
0.5
0.5
0.5
0.5
0.5
0.5
0.5
0.5
0.5
0.5
0.5
0.5
0.5
0.5
0.5
0.5
0.5
0.5
0.5
0.5
0.5
0.5
0.5
0.5
0.5
0.5
0.5
0.5
0.5
0.5
0.5
0.5
0.5
0.5
1.0
0.5
0.5
0.5
0.5
0.5
1.0
0.5
0.5
0.5
0.5
0.5
0.5
0.5
0.5
0.5
0.5
0.5
0.5
0.5
0.5
0.5
0.5005600784368499
0.5
0.5
0.5
0.5
0.5
0.5
0.5
0.5
0.5
0.5
0.5
0.5
0.5
0.5
0.5
0.5
0.5
0.508972382588503
0.5
0.5
0.5
0.5
0.5
0.5
0.5
0.5
0.5
0.5
0.5
0.5
0.5
0.5
0.5
0.5
0.5
0.5
0.5
0.5
0.5
0.5
0.48148148148148145
0.5
0.5
0.5
0.5
0.5
-1.0
0.5
0.5
0.5
0.5
0.5
0.5
0.528900360856695
0.5
0.5
0.5
0.5
0.5
0.5
0.5
0.5
0.5
0.5
0.5
0.5
0.5
0.5
0.5
0.5
0.5
0.5
0.5
0.5
0.5
0.5
0.5
0.5
0.5
0.5
0.5
0.5
0.4666025279300096
0.5
0.5
0.5
0.5
0.5
0.5
0.5
0.5
0.5
0.5
0.5
0.5
0.5
0.5
0.5
0.5
0.5
-1.0
0.5
0.5
0.5
0.5
0.5
0.5
0.5
0.5
0.5
0.5
0.5
0.5
0.5
0.5
0.5
0.5
0.5
0.5
0.5
0.5
0.5
0.5
0.5
0.5
0.5
0.5
0.5
0.5
0.5
0.5
0.5
0.5
0.5
0.5
0.5
0.5
0.5
0.5
0.5
0.5
0.5
0.5
1.0
0.5
1.0
0.5
0.5
0.5
0.5
0.5
0.5
0.5
1.0
0.5
0.5
0.5
0.5
0.5
0.5
0.5
0.5
0.5
0.5
0.5
0.5
0.5
0.5
0.5
0.5
0.5
0.5
0.5
0.5
0.46327197397471664
0.5
0.5
0.5
0.5
0.5
0.5
0.5
0.5
0.5
0.5
0.5
0.5
0.5
0.5
0.5
0.5
0.5
0.5
0.5
0.5
0.5
0.5
0.5
0.5
0.5
0.5
0.5
0.5
0.5
0.5
0.5
0.5
1.0
0.5
-1.0
0.5
0.5
-1.0
0.5
0.5
0.5
-1.0
0.5
-1.0
0.5
-1.0
0.5
0.5
-1.0
-1.0
-1.0
0.5
0.5
-1.0
0.5
-1.0
-1.0
0.5
0.5
0.5
0.5
0.5
0.5
0.5
0.5
0.5
0.5
0.5
0.5
0.5
0.5
0.5
0.4615852473184862
0.5
0.5
0.5
0.5
0.5
0.5
0.5
0.5154000519332569
0.5
0.5
0.5
0.5
0.5
0.5108230643086931
0.5
0.4968416201577785
0.5
0.5
0.5
0.5
0.5
0.5
0.5
0.5
0.5
0.5
0.5
0.5
0.5
0.5
0.5
0.5
0.5
0.46968168251725145
0.5
0.5
0.5
0.5
0.5
0.5
0.5
0.5
0.5007271222012918
0.5
0.5
0.4284553598404167
0.5
-1.0
0.5
0.5
0.5
0.5238074290784582
0.5
-1.0
0.5
0.5
-1.0
0.5
0.5
0.5
0.5
0.53125
0.5
0.5
0.5
0.5
0.5
0.5
0.5
0.5
0.5
0.3290867652841901
0.5
0.5
0.5
0.5
1.0
0.5
0.5
0.5
0.5
0.5
0.5
0.5
0.5
0.5
0.5
0.5
1.0
0.5
0.5
0.5
0.5
0.5
1.0
0.5
0.5
0.5
0.5
0.5
0.5
0.5
0.5
0.5
0.5
0.5
0.5
0.5
0.5
0.5
0.5
0.5
0.5
0.5
0.5
0.5
0.5
0.5
0.5
0.5
0.5
1.0
-1.0
0.5
0.5
-1.0
0.5
0.5
-1.0
0.5
1.0
0.5
0.5
0.5
-1.0
0.5
0.5
0.5
0.5
0.5
-1.0
0.5
1.0
0.5
0.4846075455282293
1.0
-1.0
0.5
0.5
0.5
0.5
0.5
0.5
0.5
0.5
0.5
0.5
0.5
0.5
0.5
0.5
0.5
0.5
0.5
0.5
0.5
0.5
0.5
0.5
-1.0
0.5
-1.0
-1.0
0.5
0.5
0.5
0.5
0.32771731554944955
0.47002523747836855
0.5001483124236646
0.47299623219666365
0.5
0.4832043701595322
0.5
0.48372719531160696
0.5
0.5
0.5
0.5
0.5
0.5
0.5
0.4734642130081475
0.48435721063097475
0.5060570686427738
-1.0
-1.0
0.5
-1.0
0.5
-1.0
0.5
-1.0
0.5
0.5
0.5
0.5
0.5
0.5
0.5
0.5
0.5
0.5
0.5
0.5
0.5
0.5
1.0
-1.0
0.5
0.5
0.5
0.5
0.5
0.5
0.5
-1.0
0.5
0.5
0.5
0.5
0.5
0.5
0.4171236195107466
0.5
0.5
0.5
0.5
0.5
0.5
0.5
0.5
0.5
0.5
0.5
0.5
1.0
0.5
1.0
0.4522379659547377
0.5
0.5
0.5
0.5
0.5
0.5
0.5
0.5
0.5
0.5
0.5
0.5
0.5
0.5
0.5
0.5
0.5
0.5
0.5
0.5
0.5
0.5
0.5
0.5
0.5
0.5
0.5
0.5
0.5
0.5
0.5
0.5
0.5
0.5
0.5
0.5
0.5
-1.0
0.5
0.5
-1.0
0.5
0.5
0.5
1.0
0.5
0.5
0.5
0.5
0.5
1.0
0.5
0.5
0.5
0.5
0.5
0.5
0.5
-1.0
0.5
0.5
0.5
0.5
0.5
0.5
0.5
0.5
0.5
0.5
0.5
0.5
0.5
0.5
0.5
0.5
0.5
0.5
0.5
0.5
1.0
0.5
0.5
0.5
0.5
0.5
0.5
0.5
0.5
0.5
0.5
0.5
0.5
0.5
0.5
0.5
0.5
0.5
0.5
0.5
0.5
0.5
0.5
0.5
0.5
0.5
0.5
0.5
0.5
0.5
0.5
0.5
0.5
0.5
0.5
0.5
0.5
0.5
0.5
0.5
0.5
0.5
0.5
0.5
0.5
-1.0
0.5
0.5
0.5
0.5
0.5
0.5
0.5
0.5
0.5
0.5
0.5
0.5
0.5
0.5
-1.0
0.5
1.0
0.5
0.4621012376412272
0.5
0.5
0.5
0.5
0.5
0.5
0.5
0.5
1.0
0.5
1.0
0.5
0.5
1.0
1.0
1.0
0.5
-1.0
-1.0
0.5
-1.0
0.5
-1.0
0.5
-1.0
0.5
0.5
0.5
0.4902037359954359
0.5
0.5
0.5
0.5
0.5
0.5
0.5
0.5
1.0
0.5
0.5
0.5
0.5
0.5
1.0
0.5
0.5
-1.0
0.5
0.5
-1.0
0.5
0.5
0.5
0.5
0.5
0.5
0.5
0.5
-1.0
0.5
0.5
0.5
1.0
1.0
0.5
1.0
0.5
0.5
0.5
1.0
0.5
0.5
-1.0
0.5
-1.0
-1.0
0.5
0.5
0.5
0.5
0.5
0.5
0.5
0.5
0.5
0.5
0.5
0.5
0.5
0.5
0.5
0.5
0.5
0.5
0.5
0.5
0.5
0.5
0.5
0.5
0.5
0.5
0.5
0.5
0.5
0.5
0.5
0.5
0.5
0.5
0.5
0.5
0.5
0.5
0.5098257472310307
0.5
0.5
0.5
0.5
0.5
0.5
0.5
0.5
0.5
0.5
0.5
0.5
0.5
0.5
0.5
0.5
0.5
0.5
0.5
0.5
0.5
0.5
0.5
0.5
0.5
0.5
0.5
0.5
0.5
0.5
0.5
0.5
1.0
0.5
0.5
0.5
0.5
0.5
0.5
0.5
0.5
0.5
0.5
0.5
0.5
0.5
0.5
0.5
0.5
0.5
0.5
0.5
0.5
0.5
0.5
0.5
0.5
0.5
0.5
0.5
0.5
0.5
1.0
0.5
0.5
1.0
0.5
0.5
1.0
0.5
0.5
0.5
0.5
0.5
0.5
0.5
0.5
0.5
0.5
0.5123373968225133
1.0
0.5
0.5
0.5
0.5
0.5
0.5
0.5
0.5
0.5
0.5
0.5237486574705609
1.0
0.5
0.5
0.5
0.5
0.5065171415772142
1.0
0.5
0.5
1.0
0.5
0.5
1.0
-1.0
0.5
0.5
0.5
0.4555450071410941
1.0
-1.0
0.5
0.5
-1.0
0.5
1.0
0.5
0.5
0.5
0.5
0.5
1.0
0.5
0.5
0.5
0.5
0.5
0.5
0.5
0.5
0.5
0.5
0.5
0.5
0.5
0.5
0.5
0.5
0.5
1.0
0.5
0.5
0.5
0.5
0.5
0.5
0.5
0.5
-1.0
0.5
0.5
0.5
0.5
0.5
0.4484583689925835
0.5
0.5
0.5
0.5
0.5
0.5
0.5
0.5
0.5
0.5
0.5
0.5
0.5
0.5
0.4765319326649494
0.5
0.5
-1.0
0.5
0.5
-1.0
0.5
0.5
0.5
0.5
0.5
0.5
0.5
0.5
0.5
0.5
0.5
0.5
0.5
0.5
-1.0
0.5
-1.0
0.5
0.5
0.5
0.5
0.5
0.5
0.5
0.5
0.5
0.5
0.5
0.5
0.5
0.5
0.5
0.5
0.5
0.5
0.5
0.5
0.5
0.5
0.4639143336160434
0.5
0.5
0.5
0.5
0.5
0.5
0.5
0.5
0.5
0.5
0.5
0.5
0.5
0.5
0.5
0.42894792434731377
0.5
-1.0
0.5
0.5
0.5
0.5
0.5
0.5
0.5
0.5
0.5
0.5
0.5
0.5
0.5
0.5
0.5
0.5
0.5
0.5
0.5
0.5
0.5
0.5
0.5
0.5
0.5
0.5
-1.0
0.5
0.5
0.5
0.5
0.5
0.5
0.5
0.5
0.5
0.5
0.5
0.5
0.5
0.5
0.5
0.5
0.5
0.5
0.5
0.5
0.5
0.5
0.5
0.5
0.5
0.5
0.5
0.5
0.5
0.5
0.5
0.5
0.5
0.5
0.5
0.5
0.5
0.5
0.5
0.5
0.5
0.5
0.5
0.5
0.5
0.5
0.5
0.5
0.5
0.5
0.5
0.5
0.5
0.5
0.5
0.5
0.5
0.5
0.5
0.5
0.5
0.5
0.5
0.5
0.5
0.5
0.5
0.5
0.5
0.5
0.5
0.5
0.5
0.5
0.5
0.5
0.5
0.5
0.5
0.5
0.5
0.5
0.5
0.5
0.5
0.5
0.5
0.5
0.5
0.5
0.5
0.5
0.5
0.5
0.5
0.5
0.5
0.5
0.5
0.5
0.5
0.5
0.5
0.5
1.0
0.5
0.5
-1.0
0.5
0.5
0.5
0.5
0.5
0.5
0.5
0.5
0.5
0.5
0.5
0.5
0.5
0.5
0.5
0.5
0.5
0.5
0.5
0.5
0.5
0.5
0.5
0.5
0.5
0.4568558399514363
0.5
0.5
0.5
0.5
0.5
0.5
0.5
0.5
0.5
0.4816819550491827
0.5
0.5
0.5
0.5
0.5
0.5
0.5
0.5
0.5
0.5
0.5
0.47805213431119564
0.5
0.5
0.5
0.5
0.5
-1.0
0.5248966930364287
0.5
0.5
0.5
0.5
0.5
0.5
0.5
0.5
0.5
0.5
0.5
0.5
0.5
0.5
0.5
0.5
0.5
0.5
0.5
0.5
0.5
0.5
0.5
0.5
0.5
0.5
0.5
0.5
0.5
0.5
0.5
0.5
0.5
0.5
0.5
0.5
0.5
0.5
0.5
0.5
0.5
0.5
0.5
0.5
0.5
0.5
0.5
0.5
0.5
0.5
0.5
0.5
0.5
0.5
0.5
0.5
0.5
0.5
0.5
0.5
0.5
0.5
0.5
0.5
0.5
0.5
0.5
0.5
0.5
0.5
0.5
0.5
0.5
0.5
0.5
0.5
0.5
0.5
0.5
0.5
0.5
0.5
0.5
0.5
0.5
0.5
0.5
0.5
0.5
0.5
0.5
0.5
0.5
0.5
0.5
0.5
0.5
0.5
0.5
0.5
0.5
0.5
0.5
0.5
0.5
0.5
-1.0
0.5
0.5
0.5
0.5
0.5
0.5
0.5
0.5
0.5
0.5
0.5
0.5
0.5
0.5
0.5
0.5
0.5
0.5
0.5
0.5
0.5
0.5
0.5
0.5
0.5
0.5
0.5
0.5
0.5
0.5
0.5
0.5
0.5
0.5
0.5
0.5
0.5
0.5
0.5
0.5
0.5
0.5
0.5
0.5
0.5
0.5
0.5
0.5
0.5
0.5
0.5
0.5
0.5
0.5
0.5
0.5
0.5
0.5
0.5
0.5
0.5
0.5
0.5
0.5
0.5
0.5
0.5
0.5
0.5
0.5
0.5
0.5
0.5
0.5
0.5
0.5
0.5
0.5
0.5
0.5
0.5
0.5
0.5
0.5
0.5
0.5
0.5
0.5
0.5
0.5
0.5
0.5
0.5
0.5
0.5
0.5
0.5
0.5
0.5
0.5
0.5
0.5
0.5
0.5
0.5
0.5
0.5
0.5
0.5
0.5
0.5
0.5
0.5
0.5
0.5
0.5
0.5
0.5
0.5
0.5
0.5
0.5
0.5
0.5
0.5
0.5
0.5
0.5
0.5
0.5
0.5
0.5
0.5
0.5
0.5
0.5
0.5
0.5
0.5
0.5
0.5
0.5
0.5
0.5
0.5
0.5
1.0
0.5
0.5
0.5
1.0
0.5
1.0
0.5
0.5
0.5
0.5
0.5
0.5
0.5
0.5
0.5
0.5
0.5
0.5
0.5
0.5
0.5
0.5
0.5
0.5
0.5
0.5
0.5
0.5
0.5
0.5
0.5
0.5
0.5
0.5
0.5
0.5
0.5
0.5
0.5
0.5
0.5
0.5
0.5
0.5
0.5
0.5
0.5
0.5
0.5
0.5
0.5
0.5
0.5
0.5
0.5
0.5
0.5
0.5
0.5
0.5
0.5
0.5
0.48390851025657283
0.5
0.5
0.5
0.5
0.5
-1.0
0.5
0.5
0.5
0.5
0.5
0.5
0.5
0.5
0.5
0.5
0.5
0.5
0.5
0.5
0.5
0.5
0.5
0.5
0.5
0.5
0.5
0.5
0.5
0.5
0.5
0.5
0.5
0.5
0.5
0.5
0.5
0.5
0.5
0.5
0.5
0.5
0.5
0.5
0.5
0.5
0.5
0.5
0.5
0.5
0.5
0.5
0.5
0.5
0.5
0.5
1.0
0.5
0.5
0.5
0.5
0.5
0.5
0.5
0.5
0.5
0.5
0.5
0.46985468349075954
0.5
0.5
0.5
0.5
0.5
0.5
0.5
0.5
0.5
0.5
0.5
0.5
0.5
0.5
0.5
0.5
0.5
-1.0
0.5
0.5
0.45980845562967365
0.5
0.5
1.0
0.5
0.5
0.5
0.5
0.5
0.5
0.5
0.5
0.5
0.5
0.5
0.5
0.5
0.5
0.5
1.0
0.5
1.0
0.5
1.0
0.5
0.5
0.5
0.5
0.5
0.5
0.5
0.5
0.5
0.5
0.5
0.5
0.5
0.5
0.5
0.5
0.5
0.5
0.5
0.5
0.5
0.5
0.5
0.5
0.5
0.5
0.5
0.5
0.5
0.5
0.5002665112297069
0.5
0.5
0.5
0.5
0.5
0.5197065581208501
0.5
0.5
0.5
0.5
0.5
0.5
0.5
0.5
0.5
0.5
0.5
0.5123891713625647
0.5
0.5
0.5
0.5
0.5
0.5
0.5
0.5
0.5
-1.0
0.5
-1.0
0.5
-1.0
0.5
-1.0
0.5
-1.0
0.5
0.5
-1.0
-1.0
0.5
0.5
0.5
-1.0
0.5
-1.0
-1.0
0.5
0.5
0.5
0.5
0.5
0.5
0.5
0.5
0.5
0.5
0.5
0.5
1.0
0.5
0.5
0.5
0.5
0.5
0.5
0.5
0.5
0.5
0.5
0.5
1.0
0.5
0.5
0.5
0.5
0.5
0.5
0.5
0.5
0.5
0.5
0.5
0.5
0.5
0.5
0.5
0.5
0.5
0.5
0.5
0.5
0.5
0.5
0.5
0.5
0.5
0.5
0.5
0.5
0.5
0.5
0.5
0.5
0.5
0.5
0.5
0.5
0.5
0.5
0.5
1.0
0.5
1.0
0.5
0.5
0.5
0.5
0.5
0.5
0.5
0.5
1.0
1.0
0.5
1.0
0.5
0.5
1.0
0.5
0.5
0.5
0.5
0.5
0.5
0.5
0.5
0.5
0.5
0.5
0.5
0.5
0.5
0.5
0.5
0.5
0.5
0.5
0.5
0.5
0.5
0.5
0.5
0.5
0.5
0.5
0.5
0.5
0.5
0.5
0.5
0.5
0.5
0.5
0.5
0.5
0.5
0.5
0.5
0.5
0.5
0.5
0.5
0.5
0.5
0.5
0.5
0.5
0.5
0.5
0.5
0.5
0.5
0.5
0.5
0.5
0.5
0.5
0.5
0.5
0.5
0.5
0.5
0.5
0.5
0.5
0.5
0.5
0.5
0.5
0.5
0.5
0.5
0.5
0.5
0.5
0.5
0.5
0.5
0.5
0.5
0.5
0.5
0.5
0.5
1.0
0.5
0.5
0.5
1.0
0.5
1.0
0.5
0.5
0.5
0.5
0.5
0.5
0.5
0.5
1.0
1.0
0.5
1.0
0.5
0.5
1.0
1.0
1.0
0.5
0.5
0.5
0.5
0.5
0.5
0.5
0.5
0.5
0.5
0.5
0.5
0.5
0.5
0.5
0.5
0.5
0.5
0.5
0.5
0.5
0.5
0.5
0.5
0.5
0.5
0.5
0.5
1.0
0.5
1.0
0.5
0.5
1.0
1.0
0.5
0.5
0.5
0.5
1.0
0.5
0.5
0.5
0.5
0.5
1.0
1.0
0.5
0.5
1.0
0.5
1.0
0.5
1.0
0.5
0.5
0.5
0.5
0.5
0.5
0.5
0.5
0.5
0.5
0.5
0.5
0.5
0.5
0.5
0.5
0.5
0.5
0.5
0.5
0.5
0.5
0.5
0.5
0.5
0.5
0.5
0.5
0.5
0.5
0.5
0.5
0.5
0.5
0.5
0.5
0.5
0.5
0.5
0.5
0.5
0.5
0.5
0.5
0.5
0.5
0.5
0.5
0.5
0.5
0.5
0.5
0.5
0.5
0.5
0.5
0.5
0.5
0.5
0.5
0.5
0.5
0.5
0.5
0.5
0.5
0.5
0.5
0.5
0.5
0.5
0.5
0.5
0.5
0.5
0.5
0.5
0.5
0.5
0.5
0.5
0.5
0.5
0.5
0.5
0.5
0.5
0.5
0.5
0.5
0.5
0.5
0.5
0.5
0.5
0.5
0.5
0.5
0.5
0.5
0.5
0.5
0.5
0.5
0.5
0.5
0.5
0.5
0.5
0.5
0.5
0.5
0.5
0.5
0.5
0.5
0.5
0.5
0.5
0.5
0.5
0.5
0.5
0.5
0.5
0.5
0.5
0.5
0.5
0.5
0.5
0.5
0.5
0.5
0.5
0.5
0.5
0.5
0.5
0.5
0.5
0.5
0.5
0.5
0.5
0.5
0.5
0.5
0.5
0.5
0.5
0.5
0.5
0.5
0.5
0.5
0.5
0.5
0.5
0.5
0.5
0.5
0.5
0.5
0.5
0.5
0.5
0.5
0.5
0.5
0.5
0.5
0.5
0.5
0.5
0.5
0.5
0.5
0.5
0.5
0.5
0.5
0.5
0.5
0.5
0.5
0.5
0.5
0.5
0.5
0.5
0.5
0.5
0.5
0.5
0.5
0.5
0.5
0.5
0.5
0.5
0.5
0.5
0.5
0.5
0.5
0.5
0.5
0.5
0.5
0.5
0.5
0.5
0.5
0.5
0.5
0.5
0.5
0.5
0.5
0.5
0.5
0.5
1.0
0.5
1.0
0.5
0.5
0.5
0.5
0.5
0.5
0.5
0.5
0.5
0.5
0.5
1.0
0.5
0.5
1.0
1.0
1.0
0.5
0.5
0.5
0.5
0.5
0.5
0.5
1.0
0.5
1.0
0.5
0.5
0.5
0.5
0.5
0.5
0.5
0.5
0.5
0.5
0.5
1.0
0.5
0.5
1.0
1.0
0.5
0.5
0.5
0.5
0.5
0.5
0.5
0.5
0.5
0.5
0.5
0.5
0.5
0.5
0.5
0.5
0.5
0.5
0.5
0.5
0.5
0.5
1.0
0.5
0.5
0.5
0.5
0.5
0.5
1.0
0.5
1.0
0.5
0.5
1.0
1.0
0.5
0.5
0.5
0.5
0.5
0.5
0.5
0.5
1.0
0.5
1.0
0.5
0.5
0.5
1.0
0.5
1.0
0.5
1.0
0.5
0.5
0.5
0.5
0.5
0.5
0.5
0.5
0.5
1.0
0.5
0.5
0.5
0.5
0.5
0.5
0.5
0.5
0.5
0.5
0.5
1.0
0.5
0.5
0.5
0.5
0.5
0.5
0.5
0.5
0.5
0.5
0.5
0.5
0.5
0.5
0.5
0.5
0.5
0.5
0.5
0.5
0.5
0.5
0.5
0.5
0.5
0.5
0.5
0.5
0.5
0.5
0.5
0.5
0.5
0.5
0.5
0.5
0.5
0.5
0.5
0.5
0.5
1.0
0.5
0.5
0.5
0.5
0.5
0.5
0.5
0.5
0.5
0.5
0.5
1.0
0.5
0.5
1.0
1.0
0.5
0.5
0.5
0.5
1.0
0.5
0.5
1.0
1.0
0.5
0.5
0.5
0.5
1.0
0.5
0.5
0.5
1.0
0.5
1.0
1.0
0.5
0.5
1.0
0.5
1.0
0.5
1.0
0.5
0.5
0.5
0.5
0.5
0.5
0.5
0.5
0.5
1.0
0.5
0.5
0.5
0.5
0.5
0.5
0.5
0.5
1.0
0.5
0.5
1.0
0.5
0.5
1.0
1.0
0.5
0.5
0.5
0.5
0.5
0.5
0.5
0.5
0.5
0.5
0.5
0.5
0.5
0.5
0.5
0.5
0.5
0.5
0.5
0.5
0.5
0.5
0.5
0.5
0.5
0.5
0.5
0.5
0.5
0.5
0.5
0.4575434146231205
0.5
0.5
0.5
0.5
0.5
0.5
0.5
0.5
0.5
0.5
0.5
0.5
0.5
0.5
0.5
0.5
0.5
0.5
0.5
0.5
0.5
0.5
0.5
0.5
0.5
0.5
0.5
0.5
0.5
0.5
0.5
0.5
0.5
0.5
0.5
0.5
0.5
0.5
0.5
0.5
0.5
0.5
0.5
0.5
0.5
0.5
0.5
0.5
0.5
0.5
-1.0
0.4549297009278935
0.5
-1.0
0.5
0.5
-1.0
0.5
0.5
0.5
0.5
0.5
-1.0
0.5
0.5
0.5
0.5
0.5
-1.0
0.5
0.5
0.5
0.5
0.5
-1.0
0.5
0.5
0.5
0.5
0.5
0.5
0.5
0.5
0.5
0.5
0.5
0.5
0.5
0.5
0.5
0.5
0.5
0.5
0.5
0.5
0.5
0.5
0.5
0.5
0.5
0.5
1.0
0.5
0.5
-1.0
0.5
0.5
0.5
0.5
0.5
0.5
0.5
0.5
0.5
0.5
0.5
0.5
0.5
0.5
0.5
0.5
0.5
0.5
0.5
0.5
0.5
0.5
0.5
0.5
0.5
0.5
0.5
0.5
0.5
0.5
0.5
0.5
0.5
0.5
0.5
-1.0
0.5
0.5
0.5
0.5
0.5
0.5
0.5
0.5
0.5
0.5
0.5
-1.0
1.0
0.5
0.5
0.5
1.0
0.5
0.5
0.5
0.5
0.5
0.5
0.5
0.5
0.5
0.5
0.5
0.5
0.5
0.5
0.5
0.5
0.5
0.5
0.5
0.5
-1.0
0.5
-1.0
0.5
-1.0
0.5
-1.0
0.5
0.5
0.5
0.5
0.5
0.5
0.5
0.5
0.5
0.5
0.5
0.5
0.5
0.5
0.5
0.5
0.5
0.5
0.5
0.5
0.5
-1.0
0.5
0.5
-1.0
0.5
0.5
0.5
0.5
0.5
0.5
0.5
0.5
-1.0
0.5
0.5
0.5
0.5
0.5
-1.0
0.5
0.5
-1.0
0.5
0.5
0.5
0.5
-1.0
0.5
0.5
-1.0
0.5
0.5
0.5
0.5
0.5
0.5
0.5
0.5
0.5
0.5
0.5
0.5
0.5
0.5
0.5
0.5
0.5
0.5
0.5
0.5
0.5
0.5
0.5
0.5
0.5
0.5
0.5
0.5
0.4446294908149553
0.5
-1.0
0.5
0.5
0.5
0.5
0.5
0.5
0.5
0.5
0.5
0.5
0.5
0.5
0.5
0.5
0.5
0.5
0.5
0.5
0.5
0.5
0.5
0.5
0.5
0.5
0.5
0.5
0.5
0.5
0.5
-1.0
0.5
0.5
0.5
0.5
0.5
-1.0
0.5
0.5
0.5
0.5
0.5
0.5
1.0
0.5
0.5
0.5
0.5
0.5
0.5
0.5
-1.0
0.5
0.5
0.5
0.5
0.5
0.5
0.5
0.5
0.5
0.5
0.5
0.5
0.5
0.5
0.5
0.5
0.5
0.5
0.5
0.5
0.5
0.5
0.5
0.5
0.5
0.5
0.5
0.5
0.5
0.5
0.5
0.5
0.5
0.5
0.5
0.5
0.5
0.5
0.5
0.5
0.5
0.5
0.5
0.5
0.5
0.5
0.5
0.5
0.5
0.5
0.5
0.5
0.5
0.5
0.5
0.5
0.5
0.5
0.5
0.5
0.5
0.5
0.5
0.5
0.5
-1.0
0.5
0.5
0.5
0.5
0.5
0.5
0.5
0.5
0.5
0.5
0.5
0.5
0.5
0.5
0.5
0.5
1.0
-1.0
0.5
0.5
0.5
0.5
0.5
0.5
0.5
0.5
0.5
0.5
0.5
1.0
0.5
0.5
0.5
0.5
0.5
1.0
0.5
0.5
0.5
0.5
0.5
-1.0
-1.0
-1.0
0.5
0.5
0.5
0.46308314041739906
0.5
0.5
0.5
0.5
0.5
0.5
0.5
0.5
0.5
0.5
0.5
0.5
0.5
0.5
1.0
0.5
0.5
-1.0
0.5
0.5
0.5
0.5
0.5
0.5
0.5
0.5
0.5
0.5
0.5
-1.0
0.5
0.5
0.5
0.5
0.5
0.5
0.5
0.5
0.5
1.0
1.0
0.5
0.5
0.5
0.5
-1.0
0.5
-1.0
0.5
-1.0
0.5
0.5
0.5
0.5
0.5
0.5
0.5
0.5
0.5
0.5
0.5
0.5
0.5
0.5
0.5
0.5
0.5
0.5
0.5
0.5
0.5
0.5
0.5
0.5
0.5
0.5
0.5
0.5
0.49701875344110663
0.5
0.5
0.5
0.5
0.4998088013957021
0.5
0.5
0.5
0.5
0.5
0.5
0.5
0.5
0.5
0.5
0.5
0.5
0.3571842315590831
0.5
0.5
0.4693281111527155
0.5
0.5
0.5
0.5089012009808302
0.5
0.5
0.5
0.5
0.4443661346230239
0.5
-1.0
0.5
0.5
0.5
0.5
0.5
0.5
0.5
0.5
-1.0
0.5
0.5
0.5
0.5
0.5
0.5
0.5
0.5
0.5
0.5
0.5
0.5
0.5
0.5
0.5
0.5
0.5
1.0
0.5
0.5
0.5
0.5
0.5
0.5
0.5
0.5
0.5
0.5
0.5
0.5
0.5
0.5
0.5
1.0
0.5
1.0
0.5
1.0
0.5
0.5
0.5
0.5
0.5
0.5
0.5
0.5
0.5
0.5
0.5
0.5
0.5
0.5
0.5
0.5
0.5
0.5
0.5
0.5
0.5
0.5
0.5
0.5
1.0
0.5
1.0
-1.0
0.5
0.5
-1.0
1.0
0.5
0.5
0.5
1.0
0.5
0.5
0.5
0.5
0.5
0.5
0.5
0.5
1.0
-1.0
0.5
1.0
0.5
1.0
1.0
0.5
0.5
0.5
0.5
0.5
0.5
0.5
0.5
0.5
0.5
0.5
0.5
0.5
0.5
0.5
0.5
0.5
0.5
0.5
0.5
0.5
0.5
0.5
0.5
0.5
-1.0
-1.0
0.5
0.5
0.5
0.5
0.5
0.5
0.5
0.45957168573725804
0.5
0.4829003217188876
0.5
0.5
0.5
0.5
0.5
0.5
0.5
0.5
0.5
0.5
0.5
0.5
-1.0
0.5
0.5
-1.0
0.5
-1.0
0.5
-1.0
0.5
0.5
-1.0
0.5
-1.0
-1.0
0.5
0.5
0.5
0.5
-1.0
-1.0
0.5
-1.0
0.5
-1.0
0.5
-1.0
0.5
0.5
0.5
0.5
0.5
-1.0
0.5
0.5
0.5
0.5
0.5000222649145536
0.5
0.5
0.5
0.5
0.5
0.5006021815080947
0.4556955746129673
0.5
0.5
0.5
0.5
0.5
0.5
0.5
0.47665371589137134
0.5
0.5109869653285105
0.5
0.5
0.5
0.5
0.5
0.5
0.5
0.5238881041445692
0.5
0.5
0.5
0.5
0.5
0.5
0.5
0.4666762937810543
0.5
0.5
0.5
0.5
0.5
0.5
0.5
0.5
0.5
0.5
0.5
0.5
0.5
0.5
0.5
0.5
0.5
0.5
0.5
0.5
0.5
0.5
0.5
0.5
0.5
0.5
0.5
0.5103248417465669
0.5
0.5
0.5
0.5329914950497734
0.5
0.5
0.5
0.5
0.5
0.5
0.5
0.5
0.5
0.5
0.5
0.5
0.5
0.5
0.5
0.5
0.5
0.5
0.5
0.5
0.5
0.5
1.0
0.5
0.5
0.5
0.5
0.5
0.5
0.5
0.5
0.5
0.5
0.5349978069415242
1.0
0.5
0.5
0.5
0.5
0.5
1.0
0.5
0.5
0.5
0.5
0.5
0.5
0.5
0.5
0.5
0.5
0.5
0.5
0.5
0.5
0.5
0.5
0.5
0.5
0.5
0.5
0.5
0.5
0.5
0.5
0.5
0.5
0.5
0.5
0.5
0.5
0.5
0.5
0.5
0.5
0.5
1.0
0.5
0.5
0.5
0.5
0.5
0.5
0.5
0.5
0.5
0.5
0.5
1.0
0.5
0.5
1.0
0.5
0.5
0.5
0.5
0.5
0.5
0.5
0.5
0.5
0.5
0.5
-1.0
0.5
0.5
0.5
0.5
0.5
0.5
0.5
-1.0
0.5
0.5
0.5
0.5
0.5
0.5
0.5
0.5
0.5
0.5
0.5
0.41251793487134814
0.5
0.5
0.5
0.5
0.5
-1.0
0.5
0.5
0.5
0.5
0.48332271931055737
0.5
0.5
0.5
-1.0
0.5
-1.0
0.5
0.5
0.5
0.485
0.5
0.5
0.5
-1.0
0.5
0.5
0.5
0.5
0.5
0.45329353482337587
0.5
0.5
0.5
0.5
0.5
0.5
0.5
0.5
1.0
0.5
0.5
-1.0
0.5
0.5
0.5
0.5
0.5
0.5
0.5
0.5
0.5
0.5
0.5
0.5
0.5
0.5
0.5
0.5
0.5
0.5
0.5
0.5
0.5
1.0
0.5
0.5
0.5
1.0
0.5
1.0
0.5
0.5
0.5
0.5
0.5
0.5
0.5
0.5
0.5
0.5
0.5
0.5
0.5
0.5
0.5
0.5
0.5
0.5
0.5
0.5
0.5
0.5
0.5
0.5
0.5
0.5
0.5
0.5
0.5
0.5
0.5
0.5
0.5
0.5
0.5
0.5
0.5
0.5
0.5
0.5
0.5
0.5
0.5
0.5
0.5
1.0
0.5
1.0
0.5
0.5
1.0
1.0
0.5
0.5
0.5
0.5
0.5
0.5
0.5
0.5
0.5
0.5
0.5
0.5
0.5
0.5
0.5
0.5
0.5
0.5
0.5
0.5
0.5
0.5
0.5
0.5
0.5
0.5
0.5
0.5
0.5
0.5
0.5
0.5
0.5
0.5
0.5
0.5
0.5
0.5
0.5
0.5
0.5
0.5
0.5
0.5
0.5
0.5
0.5
0.5
0.5
0.5
0.5
0.5
0.5
0.5
0.5
0.5
0.5
0.5
0.5
0.5
0.5
0.5
0.5
0.5
0.5
0.5
0.5
0.5
0.5
0.5
0.5
0.5303100604510872
1.0
0.5
0.5
0.5
1.0
0.5
0.5
0.5
1.0
0.5
1.0
0.5
0.5
0.5
0.5
0.5
0.5
0.5
1.0
0.5
0.5
0.5
0.5
0.5
0.5
0.5
0.5
-1.0
0.5
1.0
0.5
1.0
0.5
0.5
1.0
0.5
0.5
0.5
0.5
0.5
0.5
0.5
0.5
0.5
0.5
-1.0
0.5
0.5
0.5
0.5
0.5
0.5
0.5
-1.0
0.5
-1.0
0.5
0.5
0.5
0.5
0.5
0.5
0.5
0.5
0.5
0.5
0.5
0.5
0.5
0.5
0.5
-1.0
-1.0
0.5
0.5269304336253986
0.5
0.5
0.5
0.5
0.5
0.5
-1.0
0.5
1.0
1.0
0.5
1.0
0.5
1.0
0.5
0.5
0.5
0.5
0.5
0.5
0.5
0.46938775510204084
0.5
0.5
0.5
0.5
0.5
0.5
0.5
0.5
0.5
0.5
0.5
0.5
0.5
0.5
0.5
0.5
0.5
0.5
0.5
0.5
0.5
0.5
0.5
0.5
0.5
0.5
0.5
0.5
0.5
0.5
0.5
0.5
0.5
0.5
0.5
0.5
0.5
0.5
0.5
0.5
0.5
0.5
0.5
0.5
0.5
0.5
0.5
0.5
0.5
0.5
0.5
0.5
0.5
0.5
0.5
0.5
0.5
0.5
0.5
0.5
0.5
0.5
0.5
0.5
0.5
0.5
0.5
0.5
0.5
0.5
0.5
1.0
0.5
0.5
0.5
0.5
0.5
0.5
0.5
0.5
0.5070679265421936
0.5
0.5
0.5
0.5
0.5
1.0
0.5
0.5
0.5
0.5
0.5
0.5
0.5
0.5
0.5
0.5
0.5
0.5
0.5
0.5
0.5
0.5
0.5
1.0
0.5
0.5
1.0
0.5
0.5
0.5
0.5
0.5
0.5
0.5
0.5
0.5
0.5
0.5
0.5
0.5001298774579296
0.5
0.5
0.5
0.5
0.5
0.5
0.5
0.5
0.5126055423714572
0.5
1.0
0.5
0.5
0.5
0.5
0.5
1.0
0.5
0.5
1.0
0.5
0.5
1.0
0.5
0.5
0.5
0.5
0.5
1.0
0.5169651101037182
0.5
0.5
0.5
0.5
1.0
0.5
0.5
0.5
0.5
0.507430373061055
1.0
0.5
0.5
0.5
0.5
0.5
0.5
0.5
0.5
0.5
0.5
0.5
0.5
0.5
0.5
0.5
0.5
0.5
1.0
0.5
0.5
-1.0
0.5
0.5
0.5
0.5
0.5
0.5
0.5
0.5
0.5
0.5
0.5
0.5
0.5
0.5
0.5
0.5
0.5
-1.0
0.5
0.5
0.45584487361173137
0.5
0.5
0.5
0.5
0.5
-1.0
0.5
0.5
0.5
0.5
0.5
0.5
0.5
0.5
0.5
0.5
0.5
0.5
0.5
0.5
-1.0
0.5
0.5
0.5
0.5
0.5
-1.0
0.5
-1.0
0.5
0.5
0.5
0.5
0.5
0.5
0.5
0.5
0.5
0.5
0.5
0.5
0.5
0.5
0.5
0.5
0.5
0.5
0.5
0.5
0.4608325141636949
0.5
0.5
0.5
0.5
0.5
0.5
0.5
0.5
0.5
0.5
0.5
0.5
0.5
0.5
0.5
0.5
0.5
0.5
0.5
0.5
0.5
0.5
0.5
0.5
0.5
0.5
0.5
0.5
0.5
0.5
0.5
0.5
0.5
0.5
0.5
0.5
0.5
0.5
0.5
0.5
0.5
0.5
0.5
0.5
0.5
0.5
0.5
0.5
0.5
0.5
0.5
0.5
0.5
0.5
0.5
0.5
0.5
0.5
0.5
0.5
0.5
0.5
0.5
0.5
0.5
0.5
0.5
0.5
0.5
0.5
0.5
0.5
0.5
0.5
0.5
0.5
0.5
0.5
0.5
0.5
0.5
0.5
0.5264907407668817
0.5
0.5
0.5
0.5
0.5
0.5
0.5
0.5
1.0
0.5
0.5
0.5
0.5
0.5
0.5
0.5
0.5
0.5
0.5
0.5
0.5
0.5
0.5
0.5
0.5
0.5
0.5
0.5
0.5
0.5
0.5
0.5
0.5
0.5
0.5
0.5
0.5
0.5
0.5
0.5
0.5
0.5
0.5
0.5
0.5
0.5
0.5
0.5247139639850298
0.5
0.5
0.5
0.5
0.5
0.5
0.5
0.5
1.0
0.5
0.5
0.5
0.5
0.5
1.0
0.5
0.5
0.5
0.5
0.5
0.5
0.5
1.0
0.5
0.5
0.5
0.5
0.5
0.5
0.5
-1.0
0.5
0.5
0.5
0.5
0.5
0.5
0.5
0.5
-1.0
0.5
-1.0
0.5
0.5
0.5
0.5
0.5
0.5
0.5
-1.0
0.5
0.5
0.5
0.48173123025772785
0.5
0.5
0.5
0.5
0.5
-1.0
0.5
0.5
0.5
0.5
0.5
0.5
0.5
0.5
-1.0
0.5
1.0
0.5
0.5
0.5
0.5
-1.0
0.5
0.5
0.5
0.5
0.5
0.5
0.4247514871530696
0.5
0.5
-1.0
0.5
0.5
0.5
0.5
0.5
0.5
0.5
-1.0
0.5
0.5
0.5
0.5
0.5
0.5
0.5
0.5
0.5
0.5
0.5
0.5
0.5
0.5
0.5
0.5
0.5
0.5
0.5
0.5
0.5
0.5
0.5
0.5
0.5
0.5
0.5
0.5
0.5
0.5
0.5
0.5
0.5
0.5
0.5
0.5
0.5
-1.0
0.5
0.5
0.5
0.5
0.5
0.5
0.5
0.5
0.5
0.5
0.5
0.5
0.5
0.5
0.5
0.5
0.5
0.5
0.5
0.5
0.5
0.5
0.5
0.5
0.5
0.5
0.5
0.5
0.5
0.5
0.5
0.5
0.5
0.5
0.5
0.5
0.5
0.5
0.5
0.5
0.5
0.5
1.0
0.5
1.0
0.5
0.5
0.5
0.5
0.5
0.5
0.5
0.5
0.5
0.5
0.5
0.5
0.5
0.5
0.5
0.5
0.5
0.5
0.5
0.5
0.5
0.5
0.5
0.5
0.5
0.5
0.5
0.5
0.5
0.5
0.5
0.5
0.5
0.5
0.5
0.5
0.5
0.5
0.5
0.5
0.5
0.5
0.5
0.5
0.5
0.5
0.5
0.5
0.5
0.5
0.5
0.5
0.5
0.5
0.5
0.5
0.5
0.5
0.5
0.5
0.5
0.5
0.5
0.5
0.5
0.5
0.5
0.5
0.5
0.5
0.5
0.5
0.5
0.5
0.5
0.5
0.5
0.5
0.5
0.5
0.5
0.5
0.5
0.5
0.5
0.5
0.5
0.5
1.0
-1.0
0.5
0.5
0.5
0.5
0.5
0.5
0.5
0.5
-1.0
0.5
0.5
1.0
0.5
0.5
0.5
0.5
0.5
0.5
0.5
0.5
0.5
0.5
0.5
0.5
-1.0
-1.0
0.5
0.5
0.5
0.47482790446947293
0.5
0.5
0.5
0.5
0.5
-1.0
0.5
0.5
0.5
0.5
0.5
0.5
0.5
0.5
0.5
0.5
0.5
0.5
0.5
0.5
0.5
0.5
0.5
-1.0
0.5
0.5
0.5
0.5
0.5
0.5
-1.0
-1.0
0.5
0.5
0.5
1.0
0.5
0.5
1.0
0.5
0.5
0.5
0.5
0.5
0.5
0.5
0.5
0.5
0.5
-1.0
0.5
0.5
0.5
0.5
0.5
0.5
0.5
0.5
0.5
0.5
0.5
0.5
0.5
0.5
0.5
0.5
0.5
0.5
0.5
0.5
0.5
0.5
0.5
0.5
0.5
0.5
0.5
0.5
0.5
0.5
0.5
0.5
0.5
0.5
0.5
0.5
0.5
0.5
0.5
0.5
0.5
0.5
0.5
0.5
0.5
0.5
0.5260685663088565
1.0
0.5
0.5
0.5
0.5
0.5
1.0
0.5
0.5
0.5
0.5
0.5
0.5
0.5
0.5
0.5
0.5
0.5
0.5
0.5
0.5
0.5
0.5
0.5
0.5
0.5
0.5
0.5
0.5
0.5
0.482067109267116
0.5
0.5
0.5
0.5
0.5
0.5
0.5
0.5
0.5
0.5
0.5
0.5
0.5
0.5
0.5
0.5
0.5
0.5
0.5
0.5
0.5
1.0
0.5
0.5
0.5
0.5
0.5
0.5
0.5
1.0
0.5
0.5
0.5
0.5
0.5
0.5
0.5
0.5
0.5
0.5
0.5
0.5
0.5
0.5
0.5
0.5
0.5
0.5
1.0
0.5
0.5
0.47934790283314743
0.5
0.5
0.5
0.5
0.5
-1.0
0.5
0.5
0.5
0.5
0.5
0.5
0.5
1.0
0.5
1.0
0.5
1.0
0.5
0.5
1.0
1.0
0.5
0.5
0.5
1.0
0.5
0.5
1.0
0.5
0.5
0.5
0.5
0.5
0.5
0.5
0.5
0.5
0.5
0.5
-1.0
0.5
0.5
0.5
0.5
0.5
0.5
0.5
-1.0
-1.0
0.5
0.5
0.5
0.5
0.5
0.5
0.5
0.5
0.5
0.5
0.5
0.5
0.5
0.5
0.5
0.5
-1.0
0.5
0.5
0.5
0.5
0.5
0.5
0.5
0.5
-1.0
0.5
-1.0
0.5
1.0
0.5
0.5
1.0
0.5
0.5
0.5
0.5
0.5
-1.0
0.5
-1.0
-1.0
0.5
0.5
0.5
0.5
-1.0
0.5
0.5
-1.0
0.5
-1.0
0.5
-1.0
0.5
0.5
0.5
0.5
0.5
-1.0
0.5
0.5
0.5
0.5
0.5014100133368986
0.5
0.5
0.5
0.5
0.5
0.5
0.5
0.5
0.5
0.5
0.5
0.5
0.5
0.4819091089578121
0.5
0.5
0.5
0.5
0.5
0.5
0.5
0.5
0.5
0.5
0.5
0.5
0.5
0.5
0.5
0.5
0.5
0.5
0.5
0.5
0.5
0.5
0.5
0.5079054151369233
0.5
0.5
0.5
0.5
0.5
0.5
0.5
0.5
0.5
0.5
0.5
0.5
0.5
0.5
0.5
0.5
0.5
0.5
0.5005201051561929
0.5
0.5
0.5
0.5
0.5
0.5
0.5
0.5
0.5
1.0
-1.0
0.5
0.5
0.5
0.5
0.5
0.5
0.5
0.5162931125198661
0.5
0.5
0.5
0.5
0.5190022284519876
1.0
0.5
0.5
0.5
0.5
0.5
1.0
0.5
0.5
0.5
0.5
0.5
0.5
0.5
0.5
1.0
0.5
0.5183700825573104
1.0
0.5
0.5
1.0
0.5
0.5
0.5
0.5
0.5
0.5
0.5
0.5
0.5
0.5
0.5
1.0
0.5
0.5
0.5
0.5
0.5
0.5
0.5
0.5
0.5
0.5
0.5
1.0
0.5
0.5
0.5
0.5
0.5
1.0
0.5
0.5174029493862512
1.0
0.5
0.5229788582858791
1.0
-1.0
0.5
0.5
0.5
0.5
0.5
-1.0
0.5
0.5
-1.0
0.5
1.0
0.5
0.5
0.5
0.5
0.5
1.0
0.5
0.5
0.5
0.5
0.5
0.5
0.5
0.5
0.484445432506725
0.5
0.5
0.5
0.5
0.5
0.5
0.5
0.5
1.0
0.5
0.5
-1.0
0.5
0.5
0.5
0.5
0.5
-1.0
0.5
0.5
0.5
0.5
0.5
0.5
0.5
0.48169841700963434
0.5
0.5
0.5
-1.0
0.5
0.5
0.5
0.5
0.5
0.5
0.5196862664046074
-1.0
-1.0
0.5
0.5
0.5
0.5
-1.0
-1.0
0.5
0.5
0.5
0.5
0.5
0.5
0.5
0.5
0.5
0.5
0.5
0.5
0.5
0.5
0.5
0.5
0.5
1.0
0.5
0.5
0.5
0.5
0.5
0.5
0.5
0.5
0.5
0.5
0.5
0.5
0.5
0.5
0.5
0.5
0.5
0.5
0.48272337481713207
0.5
0.5
0.5
0.5
0.5
0.5
0.5
0.5
1.0
1.0
0.5
0.5
0.5
0.5
0.5
0.5
0.5
0.5
0.5
0.5
0.5
0.5
0.5
0.5
0.5
0.5
0.5
0.4783575021214603
0.5
0.5
0.5
0.5
1.0
0.5
0.5
0.5
1.0
0.5
1.0
0.5
0.5
0.5
0.5
0.5
0.5
0.5
0.5
0.5
0.5
0.5
0.5
0.5
0.5
-1.0
0.5
0.5
0.5
0.5
0.5
0.5
1.0
0.5
0.5
0.5
1.0
0.5
0.5
0.5
0.5
0.5
0.5
0.5
0.5
0.5
0.5
0.5
0.5
0.5
0.5
0.5
0.5
0.5
0.5
0.5
0.5
0.5
1.0
0.5
0.5
0.5
1.0
0.5
1.0
0.5
0.5
0.5
0.5
0.5
0.48276595432699687
0.5
1.0
0.5
0.5
0.5
1.0
0.5
0.5
0.5
0.5
0.5
1.0
0.5
0.5
0.5
0.5
0.5
0.5
0.5
0.5
1.0
0.5
0.5
1.0
0.5
0.5
1.0
0.5
0.5
0.5
0.5
0.5
-1.0
0.5
0.5
-1.0
0.5
1.0
0.5
1.0
0.5
0.5
0.5
0.5
0.5
1.0
1.0
0.5
0.5
1.0
0.5
0.5
1.0
-1.0
0.5
0.5
0.5
0.5
0.5
0.5
0.5
0.5
0.5
0.5
-1.0
0.5
1.0
0.5
0.5
1.0
0.5
1.0
0.5
0.5
0.5
0.5
-1.0
0.5
-1.0
-1.0
0.5
0.5
0.5
0.5
0.5
0.5
0.5
0.5
0.5
0.5068108749627396
-1.0
-1.0
0.5
0.5
0.5
1.0
0.5
0.5
1.0
0.5
0.5
0.5
-1.0
-1.0
0.5
-1.0
0.5
-1.0
0.5
0.5
0.5
0.5
0.5
0.5
0.5
0.5
0.5
0.5
0.5
0.5
0.5
1.0
0.5
1.0
1.0
0.5
0.5
0.5
0.5
0.5
0.5
0.5
0.5
-1.0
0.5
0.5
0.5
0.5
0.5
0.5151819935140666
0.5
0.5
0.5
0.5
0.5
0.5
0.5
0.5
0.5
0.5
0.5
1.0
0.5
0.5
0.5
0.5
0.5
0.5
0.5
0.5
0.5
0.5
0.5
0.5
0.5
0.5
0.5
0.5
0.5
0.5
0.5
0.5
0.5
0.5
0.5
0.5
0.5
0.5
0.5
0.5
0.5
0.5
0.5
0.5
0.5
0.5
0.5
0.5
0.5
0.5
0.5
0.5
0.5
0.5
0.5
0.5
0.5
0.5
0.5
0.5
0.5
0.5
0.5
0.5
0.5
1.0
0.5
0.5
0.5
0.5
0.5
0.5
0.5
0.5
0.5
0.5
0.5
0.5
0.5
0.5
1.0
0.5
0.5
1.0
0.5
0.5
0.5
0.5
0.5
1.0
0.5
0.5
0.5
0.5
0.5
1.0
0.5
0.5
0.5
0.5
0.5
1.0
0.5
0.5
0.5
0.5
0.5
0.5
0.5
0.5
0.5
0.5
0.5
0.5
0.5
0.5
0.5
0.5
0.5
0.5
0.5
0.508776560830567
1.0
0.5
0.5
1.0
0.5
0.5
1.0
0.5
0.5
0.5
0.5
0.5
0.5
0.5
0.5
1.0
0.5
0.5
0.5
0.5
0.5
1.0
0.5
0.5
1.0
-1.0
0.5
0.5
0.5
0.5
0.5
0.5
0.5
0.5
0.5
0.5
0.5
0.5
0.5
0.5
0.5
0.5
0.5
0.5
0.5
0.5
0.5
0.5
0.5
0.5
0.5
1.0
0.5
0.5
0.5
0.5
0.5
0.5
0.5
0.5
0.5
0.5
0.5
0.5
0.5
0.5
0.5
0.5
0.5
0.5
0.5
0.5
0.5
0.5
0.5
0.5
0.5
0.5
1.0
0.5
0.5
-1.0
0.5
0.5
0.5
0.5
0.5
-1.0
0.5
0.5
0.5
0.5
0.5
0.5
0.5
0.5
0.5
0.5
0.5
0.5
0.5
0.5
0.5
0.5
0.5
0.5
0.5
0.5
0.5
0.5
0.5
0.5
0.5
0.5
0.5
0.5
0.5
0.5
0.5
0.5009840634237187
0.5
0.5
0.5
0.5
0.5
0.5
0.5
0.5
0.5
0.5
0.5004755404343175
0.5
0.5
0.5
0.5
0.5
0.5
0.5
0.5
0.5
0.5
0.5
0.5
0.5
0.5
0.5
0.5043057053908646
0.5130883022285134
0.5042393361497144
0.5
0.5
0.46289186081867195
0.5088387034760453
0.5986475339828669
0.5
0.5
0.5
0.5
0.5
0.5
0.5
0.5
0.5
0.5
0.50221619963938
0.5160349162776899
0.5
0.4185283463222872
0.5
0.5
0.5
0.512523224587799
0.5
0.5
0.5
0.5
0.5
0.5
0.5
0.5
0.5
0.5
0.5
0.5
0.5
0.5
1.0
0.5
0.5
0.5
0.5
0.5
0.5
0.5
0.5
0.5
0.5
0.5
0.5
0.5
0.5000174601146966
0.5
0.5012104574399042
0.5
0.5
0.5
0.5004041451384539
0.5
0.5
0.5
0.5
0.519438848158859
0.5
0.5
0.5
0.5
0.5
0.5
0.5
0.5
0.5
0.5
0.5
0.5
0.5
0.5
0.5
0.5
0.5
0.5393678613923675
0.5
0.5
0.5
0.5
0.5
0.5248535281840038
0.5
0.5
0.5
0.5
0.5
0.5
0.5
0.5
0.5
0.522606762131529
0.5
0.5216262956344697
0.5
0.5
0.5
0.5
0.5
0.5
0.5
0.5
0.5
0.5
0.5
0.5
0.5
0.5
0.5
0.5
0.5
0.5149714936921039
0.5
0.5
0.5
0.5
0.5
0.5
0.5
0.5
0.5
0.5075775151127718
0.5
0.5
0.5
0.5
0.5
0.5
0.5
0.5
0.5
0.5
0.5
0.5
0.5
0.5
0.5
0.5
0.5
0.5
1.0
-1.0
0.5
0.5
0.5
0.5
0.5
0.5
0.5
0.5
0.5
0.5
0.5
0.5
0.5113088709858081
0.6073478137663194
0.5
0.45259640734543377
0.5
-1.0
0.5
0.5455684138620975
0.5
0.5
0.5
-1.0
0.5
0.5
-1.0
0.5
0.5
0.5
0.5
0.5286892915070897
0.5
0.5
0.5
0.5
0.5
0.5
0.5
0.5
0.5
0.5
0.5
0.5
0.5
0.5
0.5
0.5
0.5
0.5
0.5
0.5220472368328917
1.0
0.5
0.5
0.5
0.5
0.5
0.5
0.5
0.5
0.5
0.5
0.5
0.5
0.5
0.5
0.5
0.5
0.5
0.5
0.5
0.5
0.5
0.5
0.5
0.5
0.5
0.5
0.5
0.5
0.5
0.5
0.5
0.5
0.5
0.5
0.5
0.5
0.5
0.5
0.5
0.5
0.5
0.5
0.5
0.5
0.5
0.5
0.5
0.5
0.5
0.5
0.5
0.43544261792387773
0.5
0.5
0.5
0.5
0.5
0.5
0.5167785384296566
0.5
0.5
0.5
0.5
0.5
0.5
0.5
0.5
0.5
0.5
0.5
0.5
0.5
0.5
0.5
0.5
0.5
0.5
0.5
0.5
0.5
0.5
0.5
0.5
0.5
0.5
0.5
0.5
0.5
0.5
0.5
0.5
0.5
0.5
0.5
0.5
0.5
0.5
0.5
0.5
0.5
0.5157624181363172
0.5
0.5
0.5
0.5
0.5
0.5
0.5
0.5
0.5
0.5
0.5
0.5
0.5
0.5
0.5
0.5
0.5
0.5
0.5
0.5
0.5
0.5
1.0
0.5
0.5
0.5
1.0
0.5
1.0
0.5
0.5
0.5
0.5
0.5
0.5
0.5
0.5
0.5
1.0
0.5
1.0
0.5
0.5
1.0
0.5
0.5
0.5
0.5
0.5
0.5
0.5
0.5
0.5
0.5
0.5
0.5
0.5
0.5
0.5450300250222426
0.5
0.5
0.5
0.5
0.5
0.5
0.5
0.5
0.5
0.5
0.5
0.5
0.5
0.5
0.5
0.5
0.5
0.5
0.5
0.5
-1.0
0.5
0.5
0.5
0.5
0.5
-1.0
0.5
0.5
-1.0
0.5
0.5
0.5
0.5
0.5
0.5
0.5
0.5
0.5
0.5
0.5
0.5
0.4582042343146854
0.5
-1.0
0.5
0.5
-1.0
0.5
0.5
0.5
0.5
0.5
-1.0
0.5
0.5
0.5
0.5
0.5
-1.0
0.5
0.5
0.5
0.5
0.5
-1.0
0.5
0.5
0.5
0.5
0.5
0.5
0.5
0.5
0.5
0.5
0.5
0.5
0.5
0.5
0.5
0.5
0.5
-1.0
0.5
0.5
0.5
0.5
0.5
0.5
0.5
0.5
0.5
0.5
0.5
0.5
0.5
0.5
0.5
0.5
0.5
0.5
0.5
0.5
0.5
0.5
0.5
0.5
0.5
1.0
0.5
0.5
0.5
0.5
0.5
0.5
0.5
0.5
-1.0
0.5
0.5
0.5
0.5
0.5023972518076063
0.49591299503248554
0.5
0.4379997722547219
0.5
0.5
0.5
0.5188637686490102
0.5
0.5
0.5
0.5
0.5
0.5
0.5
0.5
0.5
0.5
0.5
-1.0
0.5
-1.0
-1.0
0.5
0.5
0.5
0.5
0.5
0.5
0.5
0.5
0.5
0.5
0.5
0.5
0.5
0.5
0.5
0.5
0.5
1.0
0.5
0.5
0.5
0.5
0.5
0.5
0.5
0.5
0.5
0.5
0.5
0.5
0.5
0.5
0.4499356371207461
0.5
0.5
0.5
0.5
0.5
0.5
0.5
0.5
0.5
0.5119396192379343
0.5
0.5
0.5
0.5
0.5
0.5
0.5
-1.0
0.5
-1.0
-1.0
0.5
0.5
0.5
0.5
0.47477912457936655
0.5
0.5005401095013373
0.5
0.5
0.5
0.5
0.5
0.5
0.5020888140850439
0.5
0.5256014470705671
0.5
0.5
0.5
0.5565468092794098
0.5
0.5
-1.0
-1.0
0.5
-1.0
0.5
-1.0
0.5
-1.0
0.5
0.5
0.5
0.5
0.5117148262687908
0.5
0.5
0.5
0.5
0.5
0.5
0.5
0.5
0.5
1.0
0.5
0.5
0.5
0.5
0.5
0.5
0.5
0.5
-1.0
0.5
0.5
0.5
0.5
0.5
0.5
0.5
0.5
0.5
0.5
0.5
0.5
0.5
0.5
0.5
0.5
0.5
1.0
0.5
0.5
0.5
0.5
0.5
0.5
0.5
0.5
0.5
0.5
0.5
0.5
0.5
0.5
0.529713980179906
0.5
0.5
0.5
0.5
0.5
0.5
0.5
0.5
0.5
0.5
0.5
1.0
-1.0
0.5
0.5
0.5
0.5
0.5
0.5
0.5
-1.0
0.5
0.5
0.5
0.5
0.5
0.5
0.5
0.5
0.5
0.5
0.5
0.5
0.5
0.5
0.5
0.5
0.5
0.5
0.5
0.5
0.5
0.5
0.5
0.5
0.5
0.5
0.5
0.5
0.5
0.5
0.5
0.5
0.5
0.5
0.5
0.5
0.5
0.5
0.5
0.5
0.5
0.5
0.5
0.5
0.5
0.5
0.5
0.5
0.511572426851131
0.5
0.5
0.5
0.450338572348539
0.5
0.5
0.5
0.5
0.5
0.5
0.5
0.5
0.5
0.5
0.3831614824668713
0.5
1.0
0.5
0.5
0.5
0.4546139704293829
0.5
0.5
0.5
0.5
0.5
0.5
0.5
1.0
0.5
0.5
0.5
0.5
0.5
1.0
0.5
0.5
0.5
0.5
0.5
0.5
0.5
0.5
0.5
0.5
0.5
0.5
0.5
0.5
0.5
0.5
0.5
0.5
0.5
0.5
0.5
0.5
0.5
0.5
0.5
0.5
0.5
0.5
0.5
0.5
0.5
0.5
0.5
0.5
0.5
0.5
0.5
0.5
0.5
1.0
0.5
0.5
0.5
1.0
0.5
1.0
0.5
0.5
0.5
0.5
0.5
0.5
0.5
0.5
0.5
0.5
0.5
0.5
0.5
0.5
0.5
0.5
0.5
0.5506674298772806
0.5
0.5
0.5
0.5
0.5
0.5
0.5
0.5
1.0
0.5
0.5
0.5
0.5
0.5
0.5
0.5
0.5
-1.0
0.5
0.5
0.5
0.5
0.5
0.5
0.5
0.5
0.5
0.5
0.5
1.0
0.5
0.5
0.5
1.0
0.5
0.5
0.5
0.5
0.5
0.5
0.5
0.5
0.5
0.5
0.5
0.5
0.5
0.5
0.5
0.5
-1.0
0.5
0.5
0.5
0.5
0.5
-1.0
0.5
0.5
0.5
0.5
0.5
0.5
0.5
0.5383917668099861
0.5
0.5
0.5
0.5
0.5
0.5
0.5
0.5
1.0
-1.0
0.5
0.5
-1.0
0.5
1.0
0.5
0.5
0.5
-1.0
0.5
0.5
0.5
0.5
1.0
-1.0
0.5
1.0
0.5
0.5
1.0
-1.0
0.5
0.5
0.5
0.5
0.5
0.5
0.5
0.5
0.5
0.5
0.5
0.5
0.5
0.5
0.5
0.5
1.0
-1.0
0.5
0.5
0.5
0.5
0.5
0.5
0.5
0.5
0.5
0.5
0.5
0.5
0.5
0.5
0.5
0.5
0.5
0.5
0.5
0.5
0.5
0.5
0.5
0.5
0.5
0.5
0.5
0.5
0.5
0.5
0.5
0.5
0.5
0.5
0.5
0.5
0.5
0.5860765094348297
0.5
0.5
0.5
0.5
0.5
0.5
0.5
0.5
0.5
0.5
0.5
0.5
0.5
0.5
0.5
0.5
0.5
0.5
0.5
0.5
0.5
0.5
0.5
0.5
0.5
0.5
1.0
0.5
0.5
0.5
0.5
0.5
0.5
0.5
0.5
0.5
0.5
0.5
0.5
0.5
0.5
0.5
0.5
0.5
0.5
0.5
0.5
0.5
0.5
0.5
0.5
0.5
0.5
0.5
0.5
0.5
0.5
0.5
0.5
0.5
0.5
0.5
0.5
0.5
0.5
0.5
0.5
0.5
0.5
0.5
0.5
0.5
0.5
0.5
0.5
0.5
0.5
0.5
0.5
0.5
0.5
-1.0
0.5
0.5
0.5
0.5
0.5
0.5
0.5
0.5
1.0
0.5
0.5
0.5
0.5
0.5
0.5
0.5
0.5
0.5
0.5
0.5
0.5
0.5
0.5
0.5
0.5
0.5
0.5
0.5
0.5
0.5
0.5
0.5
0.5
0.5
0.5
0.5
0.5
0.5
1.0
0.5
0.5
0.5
0.5
0.5
1.0
0.5
0.5
0.5
0.5
0.5
0.5
0.5
0.5
0.5
0.5
0.5
-1.0
0.5
0.5
-1.0
0.5
0.5
0.5
0.5
0.5
0.5
0.5
0.5
0.5
0.5
0.5
-1.0
0.5
0.5
0.5
0.4438298994308302
0.5
-1.0
0.5
0.5
0.5
0.5
0.5
0.5
0.5
0.5
0.5
0.5
0.5
-1.0
0.5
0.5
0.5
0.5
0.5
0.5
0.5
0.5
-1.0
0.5
0.5
-1.0
0.5
0.5
-1.0
0.5
1.0
0.5
0.5
0.5
0.5
0.48280827245225283
0.5
-1.0
0.5
0.5
0.5
0.5
0.5
-1.0
0.43302891286089573
0.5
-1.0
0.5
0.5
0.5
0.5
0.5
0.5
0.5
0.5
0.5
0.5
0.5
0.5
0.5
0.5
0.5
0.4664537638278161
0.5
0.5
0.5
0.5
0.5
0.5
0.5
0.5
0.5
0.5
0.5
0.5
0.5
0.5
0.5
-1.0
0.5
-1.0
-1.0
0.5
0.5
0.5
0.5
0.47923593666221675
1.0
0.5
0.5
0.5
0.5
0.5
1.0
0.5
0.5
0.5
0.4810814378942855
0.5
0.5
0.5
0.5
1.0
0.5
-1.0
0.5
0.5
-1.0
0.5
-1.0
0.5
0.5
0.5
0.5
0.5
0.5
0.5
0.5
0.5
0.5
0.5
0.5
0.5
0.5
0.5
0.5
1.0
0.5
0.5
0.5
0.5
0.5
0.5
0.5
0.5
-1.0
0.5
0.5
0.5
0.5
0.5
0.5
0.5
0.5
0.5
0.5
0.5
0.5
0.5
1.0
0.5
1.0
0.5
0.5
1.0
1.0
1.0
0.5
-1.0
0.5
0.5
-1.0
0.5
-1.0
0.5
-1.0
0.5
0.5
0.5
0.5
0.5
0.5
0.5
0.5
1.0
0.5
0.5
0.5
1.0
0.5
0.5
0.5
1.0
0.5
1.0
-1.0
0.5
-1.0
0.5
0.5
-1.0
-1.0
0.5
0.5
0.5
0.5
0.5
0.5
0.5
0.5
0.5
0.5
0.5
1.0
1.0
0.5
1.0
0.5
1.0
0.5
1.0
0.5
0.5
-1.0
0.5
-1.0
-1.0
0.5
0.5
0.5
0.5
0.5
0.5243583596563629
0.5
0.5
0.5
0.5
0.5
0.5
0.5
0.5
0.5
0.5
0.5
1.0
-1.0
0.5
0.5
0.5
0.5
0.5
0.5
0.5
-1.0
0.5
0.5
0.5
0.5
0.5
1.0
0.5
0.5
1.0
-1.0
0.5
0.5
0.5
0.5
1.0
-1.0
0.5
0.5
-1.0
0.5
1.0
0.5
0.5
0.5
0.5
-1.0
0.5
0.5
0.5
0.5
0.5
0.5
0.5
0.5
0.5
-1.0
0.5
0.5
0.5
0.5
0.5
-1.0
0.5
-1.0
0.5
0.5
0.5
0.5
0.5
0.5
0.5
0.5
0.5
0.5
0.5
0.5
0.5
0.5
0.5
0.5
0.5
0.5000028722738519
0.4710519906307696
0.5
0.5
0.5
0.5
0.5
0.5
0.5
0.5
1.0
0.5
0.5
0.5
0.5
0.5
0.5
0.5
0.5
0.5
0.5
0.5
0.5
0.5
0.5000003133368823
0.5
0.5
0.48229791981557135
0.4778689615304057
0.5
0.5
0.5001321223771685
0.5
0.4652030651640321
0.2637648031447113
0.5
0.5
0.5
0.5
0.5
0.5
0.5
0.5
0.5
0.5
0.5
0.5
0.5
0.5
0.5
0.5
0.5
0.5
0.5
0.5
0.5314583070064642
0.5
0.5
0.5
0.5
0.5
0.5
0.5
0.5074393605109404
1.0
0.5
0.5
0.5
0.5
0.5
0.5
0.5
0.5
0.5
0.5
0.5
0.5
0.5
0.5005568763421998
0.5
0.5
0.47943639618826545
0.5
0.5
0.5
0.5
0.5
0.5
0.5
0.5
0.5
0.5
0.5
0.5
0.5
0.5
0.5
0.5
0.5
0.5167369393999723
0.5
0.5
0.5
0.5
0.5
0.4210757762427332
0.4739522448359892
0.5380481509334668
0.5
0.5
0.5
0.5
0.49688806721011525
0.5
0.4821910521113465
0.5
0.45642972048186176
0.5
0.5
0.5
0.5
0.5
0.5
1.0
0.5
0.5
0.5
0.5
0.5
0.5
0.5
0.5
0.5
0.5
0.5
0.5
0.5
0.5
0.5
0.5
0.5
0.5
0.5
0.5
0.5
1.0
-1.0
0.5
0.5
0.5
0.5
0.5
0.5
0.5
0.5
0.5
0.5
0.5
0.5
0.5
0.5
0.5
0.5
0.5
0.5
0.5
0.5
0.5
0.5
0.5
0.5
0.512854963851639
1.0
0.5
0.5
0.5
0.5
0.5
0.5
0.5
0.5
0.5
0.5
0.5
0.5
0.5
0.5
0.5000769985937265
0.5
0.5
0.5
0.5
0.5
0.5
0.5
0.5
0.4881947916876437
0.5
0.5
1.0
-1.0
0.5
0.5
0.5
0.5
0.5
0.5
0.5
-1.0
0.5
0.5
0.5
0.5
0.5
0.5
0.5
0.5
0.5
0.5
0.5
0.5
0.5
0.5
0.5
0.5
0.5
0.5
0.5
0.5
0.5
0.5
0.5
0.5
0.5
0.5
0.5
0.5
0.5
0.5
0.5
0.5
0.4459009853270058
0.5
0.4638242882267477
0.5
0.5
0.5
0.5
0.5
0.5
0.5
0.5
0.5
0.5
0.5
0.5
0.5
0.5
0.5
0.5
0.5
0.5
0.5
0.5
0.5
0.5
0.5
0.5
0.4684614276794262
0.5
0.5
0.5
0.5098985984138894
0.5
0.4741879731472475
0.5
0.5
0.5
0.5
0.5
0.5
0.5
0.5127010229907109
0.5
0.5
0.5307849516412078
0.5
0.5
0.5
0.5
0.5
0.5
0.5
0.5
0.5
0.5
0.5
0.5
0.5
0.5
0.5
0.5
0.5
0.5
0.5
0.5
0.5
1.0
0.5
0.5
0.5
0.5
0.5
0.5
0.5
0.5
0.5
0.5
0.5
0.5
0.5
0.5
0.5
0.5
0.5
0.5
0.5
0.5
0.5
0.5
0.5
0.5
0.5
0.5
0.5
0.5
0.5
0.5
0.5
0.5
0.5
0.5
0.5
0.5
0.5
0.5
0.5
0.5
1.0
0.5
1.0
0.5
0.5
1.0
1.0
1.0
0.5
0.5
0.5
1.0
0.5
0.5
0.5
1.0
0.5
1.0
1.0
0.5
0.5
1.0
0.5
1.0
0.5
1.0
0.5
0.5
0.5
0.5
0.4682676415290583
0.5
-1.0
0.5
0.5
0.5
0.5
0.5
-1.0
0.5
0.5
-1.0
0.5
0.45429265173418265
0.5
0.5
0.5
0.5
0.5
0.5
0.5
0.5
0.5
0.5
0.5
0.5
0.5
0.5
0.5
0.5
0.5
0.5
0.5
0.5
0.5
0.5
0.5
1.0
-1.0
0.5
0.5
0.5
0.5
0.5
0.5
0.5
-1.0
0.5
0.5
0.5
0.5
0.5
0.5
0.5
0.5
0.5
-1.0
0.5
0.5
0.5
0.46486916625221736
0.5
-1.0
0.5
0.5
-1.0
0.5
0.5
0.5
0.5
-1.0
0.5
-1.0
-1.0
0.5
0.5
0.5
0.5
0.5
0.5
0.5
0.5
0.5
0.5
0.5
0.5
0.5
0.5
0.5072392805811011
0.5
0.5
1.0
0.5
0.5
0.5
0.5
0.5
0.5
0.5
0.5
0.5
0.5
0.5
0.5
0.5
0.5
0.5
0.5
0.5
0.5
0.5
0.5
0.5
0.5
0.5
0.5
0.5
0.5
0.5
0.5
0.5
0.5
0.5
0.5
0.5
0.5
0.5
0.5
0.5
0.5
0.5
0.5
0.5
0.5
0.5
0.5001234966137998
0.5
0.5
0.5
0.5
0.5
0.5
0.5
0.5
0.5
1.0
0.5
0.5
0.5
0.5
0.5
0.5
0.5
0.5
-1.0
0.5
0.5
0.5
0.5
0.5
0.5
0.5
0.5
0.5
0.5
0.5
0.5
0.5
0.5
0.5
0.5
0.5
0.5
0.5
0.5
0.5
0.5
0.5
0.5
0.5
0.5
0.5
0.5
0.5
0.5
0.5
0.5
0.5
0.5
0.5
0.5
0.5
0.5
0.5
0.5
0.5
0.5
0.5
0.5
1.0
0.5
0.5
0.5
0.5
0.5
0.5
0.5
0.5
-1.0
0.5
0.5
0.5
0.5
0.5
0.5
0.5
0.509431450025525
0.5
0.5
0.5
0.5
0.5
0.5
0.5
0.500255048938808
0.5
0.5
0.48819738671703455
0.5
0.5
0.5
0.5
-1.0
0.5
-1.0
-1.0
0.5
0.5
0.5
0.5
0.5
0.5
0.5
0.5
0.5
0.5
0.5
0.5
0.5
0.5
0.5
0.5
0.5
1.0
0.5
0.5
0.5
0.5
0.5
0.5
0.5
0.5
0.5
0.5
0.5
0.5
0.5
0.5
0.5
0.5
0.5
0.5
0.5
0.5
0.5
0.5
0.5
0.5
0.5
0.5
0.5
0.5
0.5
0.5
0.5
0.5
0.5
0.5
0.5
0.5
0.5
0.5
0.5
0.5
0.5
0.5
0.5
0.5
0.5
0.5
0.5
0.5
0.5
0.5
0.5226417882288863
0.5
0.5
1.0
0.5
0.5
0.5
0.5
0.5
0.5
0.5
0.5
0.5
0.5
0.5
0.5
0.5
0.5
0.5
0.5
0.5
0.5
0.5
0.5
0.5
0.5
0.5
0.5
0.5
0.5
0.5
0.5
0.5
0.5
0.5
0.5
0.5
0.5
0.5
0.5
0.5
0.5
0.5
0.5
0.5
0.5
0.5
0.5
0.5
0.5
0.5
0.5
0.5
0.5
0.5
0.5
0.5
0.5
0.5
0.5
0.5
0.5
0.5
0.15331936282468261
0.5
0.5
0.5
0.5
0.5
0.5
0.5
0.5
0.5
0.5
0.5
0.5
0.5
0.5
0.5
0.5
0.5
0.5
0.5
0.5
0.5
0.5
0.5
0.5
0.4813619791167625
0.5
0.5
0.5
0.46230282739842665
0.5
0.5
0.5
0.5
0.5
0.5
0.5
0.5
0.5
0.5
0.5
0.5
0.5
0.5
0.5
0.5
0.5
0.5
0.5
0.5
0.5
0.5
0.5
0.5
0.5
0.5
0.5
0.5
0.5
0.5
0.5
0.5
0.5
0.5
0.5
0.5
0.5
1.0
0.5
0.5
0.5
0.5
0.5
0.5
0.5
0.5
0.5
0.5
0.5
0.5
0.5
0.5
0.5
1.0
0.5
1.0
0.5
0.5
0.5
0.5
0.5
0.5
0.5
0.5
0.5
0.5
0.5
0.5
0.5
0.5
0.5
0.5
0.5
0.5
0.5
0.5
0.5
0.5
0.5
0.5
0.5
0.5
1.0
0.5
0.5
0.5
0.5
0.5
0.5
1.0
0.5
1.0
0.5
0.5
0.5
0.5
0.5
0.5
0.5
0.5
1.0
0.5
0.5
0.5
0.5
0.5
0.5
1.0
1.0
0.5
0.5
0.5
0.5
0.5
0.5
0.5
0.5
0.5
-1.0
0.5
0.5
0.5
0.5
0.5
-1.0
0.5
0.5
-1.0
0.5
0.5
0.5
0.5
0.5
0.5
0.5
0.5
0.5
0.5
0.5
0.5
0.5
0.5
-1.0
0.5
0.5
-1.0
0.5
0.5
0.5
0.5
0.5
0.5
0.5
0.5
0.5
0.5
0.5
-1.0
0.5
0.5
0.5
0.5
0.5
-1.0
0.5
0.5
0.5
0.5
0.5
0.5
0.5
0.5
0.5
0.5
0.5
0.5
0.5
0.5
0.5
0.5
0.5
-1.0
0.5
0.5
0.5
0.5
0.5
0.5
0.5
0.5
0.5
0.5
0.5
0.5
0.5
0.5
0.42795416891494265
0.5
0.5
0.5
0.5
0.5
0.5
0.5
0.5
0.5
0.5
0.5
0.5
0.5
0.5
0.5
0.5
0.5
0.5
0.5
0.5
0.5
0.5
0.5
0.5
0.5
0.5
0.5
0.5
0.5
0.5
0.5
0.5
0.5
0.5
0.5
0.5
0.5
0.5
0.5
0.5
0.5
0.5
0.5
0.5
0.5
0.5
0.5
0.5
0.5
0.5
-1.0
0.5
0.5
0.5
0.5
0.5
0.5
0.5
0.5
0.5
0.5
0.5
0.5
0.5
0.5
0.5
0.5
0.5
0.5
0.5
0.5
0.5
0.5
0.5
0.5
0.5
0.5
0.5
0.5
0.5
0.5
0.5
0.5
0.5
0.5
0.5
0.5
0.5
0.5
0.5
0.5
0.5
0.5
0.5
0.5
0.5
0.5
0.5
0.5
0.5
0.5
1.0
0.5
0.5
-1.0
0.5
0.5
0.5
0.5
0.5
0.5
0.5
0.5
0.5
0.5
0.5
0.5
0.5
0.5
0.5
0.5
0.5
0.5
0.5
0.5
0.5
0.5
0.5
0.5
0.5
0.5
0.5
0.5
0.5
0.5
0.5
0.5
1.0
0.5
0.5
0.5
0.5
0.5
0.5
0.5
0.5
0.5
0.5
0.5
0.5
0.5
0.5
0.5
0.5
0.5
1.0
0.5
0.5
0.5
0.5
0.5
-1.0
0.5
0.5
-1.0
0.5
0.5
0.5
0.5
0.5
0.5
0.5
0.5
0.5
0.5
0.5
-1.0
0.5
0.5
0.5
0.5
0.5
-1.0
0.5
0.5
0.5
0.5
0.5
0.5
0.5
0.5
0.5
0.5
0.5
-1.0
0.5
0.5
0.5
0.5
0.5
0.5
0.5
0.5
-1.0
0.5
0.5
-1.0
0.5
0.5
-1.0
0.5
0.5
0.5
0.5
0.5
0.5
0.5
0.5
0.5
0.5
0.5
0.5
0.5
0.5
-1.0
0.5
0.5
-1.0
0.5
0.5
0.5
0.5
0.5
0.5
0.5
0.4806212161887248
0.5
0.5
0.5
0.5
0.5
0.5
0.5
0.5
0.5
0.5
0.5
0.5
0.5
0.5
0.5
0.5
0.5
0.5
0.5191897320375994
0.5
0.5
0.5
0.5
-1.0
0.5
0.5
-1.0
0.5
0.5
0.5
0.5
0.4772107296209748
0.5
0.5
0.5
0.5
0.5
0.5
0.5
0.5
0.5
0.5
0.5
0.5
0.5
0.46409275516613524
0.5
0.5
0.5
-1.0
0.5
0.5
-1.0
0.5
-1.0
0.5
-1.0
0.5
0.5
0.5
0.5
0.5
0.5
0.5
0.5
0.5
0.5
0.5
0.5
0.5
0.5
0.5
0.5
0.5
0.5
0.5
0.5
0.5
0.5
0.5
-1.0
0.5
0.5
0.5
0.5
0.5202162188344251
0.5
0.5
1.0
0.5
1.0
0.5
0.5
0.5
0.5
0.5
0.5
0.5
0.5
1.0
0.5
0.5
0.5
0.5
0.5
0.5
0.5
0.5
0.5
0.5
0.5
0.5
0.466303331961071
0.5
0.5100675696172355
0.5
0.5
1.0
0.5
0.5
0.5
0.5
0.5
0.5
0.5
0.5
0.5
0.5
0.5
0.5
-1.0
0.5
0.5
0.5
0.5
0.5
0.5
0.5
0.5
0.5
0.5
0.5
1.0
1.0
0.5
0.5
0.5
0.5
0.5
0.5
0.5
1.0
0.5
1.0
0.5
0.5
0.5
0.5
-1.0
0.5
0.5
0.5
0.5
0.5
0.5
0.5
0.5
0.5
0.5
0.5
0.5
0.5
0.5
0.5
0.5
0.5
0.5
0.5
0.5
0.5
-1.0
0.5
0.5
0.5
0.5
0.5
0.5
0.5
-1.0
0.5
0.5
0.5
0.5
0.5
0.5
0.5
0.5
0.5
-1.0
0.5
0.5
0.5
0.5
0.5
-1.0
0.5
0.5
-1.0
0.5
0.5
0.5
0.5
-1.0
0.5
-1.0
-1.0
0.5
0.5
0.5
0.5
0.5
0.5
0.5
0.5
0.5
0.5
0.5
0.5
0.5
0.5
-1.0
0.5
0.5
0.5
0.5
0.5
0.5
0.5
0.5
0.5
0.5
0.5
0.5
0.5
0.5
0.5
0.5
0.5
0.5
0.5
0.5
0.5
0.5
0.5
0.5
0.5
0.5
0.5
0.5
0.5
0.5
0.5
0.5
0.5
0.5
0.5
0.5
0.5
0.5
0.5
0.5
0.5
0.5
0.5
0.5
0.5
0.5
0.5
0.5
0.5
0.5
0.5
0.44214041625386946
0.5
0.5
0.5
0.5
0.5
0.5
0.5
0.5
0.5
0.5
0.5
0.5
0.5
0.5
0.5
0.5
1.0
-1.0
0.5
0.5
0.5
0.5
0.5
0.47712497494955647
0.5
0.5
0.5
0.5
0.5
0.5
0.5
0.5
0.5
0.5
0.5
0.5
0.5
0.5
0.5
0.5
0.5
0.5
0.5
0.5
0.5
0.5
0.5
0.5
0.5
0.5
0.5
0.5
0.5
0.5
0.5
0.5
0.5
0.5
0.5
0.5
0.5
0.5
1.0
0.5
0.5
0.5
0.5
0.5
1.0
0.5
0.5
-1.0
0.5
0.5
0.5
0.5
0.5
0.5
0.5
0.5
0.5
0.5
0.5
0.5
0.5
0.5
0.5
0.5
0.5
0.5
0.5
0.5
0.5
0.5
0.5
0.5
0.5
0.5
-1.0
0.5
0.5
0.5
0.5
0.5
1.0
0.5
0.5
0.5
0.5
0.5
1.0
0.5
0.5
0.5
0.5
0.5
1.0
0.5
0.5
0.5
1.0
0.5
1.0
0.5
0.5
0.5
0.5
0.5
-1.0
0.5
0.5
-1.0
0.5
0.5
0.5
0.5
0.5
-1.0
0.5
0.5
0.5
0.5
0.5
-1.0
0.5
0.5
0.5
0.5
0.5
-1.0
0.5
0.5
0.5
0.5
0.5
0.5
0.5
0.5
0.5
0.5
1.0
-1.0
0.5
0.5
0.5
0.5
0.5
0.5
0.5
0.5
-1.0
0.5
0.5
-1.0
0.5
0.5
-1.0
0.5
1.0
0.5
0.5
0.5
0.5
0.5
0.5
-1.0
0.5
0.5
0.5
0.5
0.4396778513842099
-1.0
0.5
0.5
-1.0
0.5
0.5
0.5
0.5
0.5
0.5
0.5
0.5
0.5
0.5
0.5
0.5
0.5
0.5
0.5
0.5
0.5
0.5
0.5
0.5
0.5
0.5
0.5
0.5
0.5
0.5
0.5
0.5
0.5
0.5
0.5
0.5
0.5
0.5
0.5
0.5
0.5
0.5
-1.0
0.5
0.5
0.5
0.5
0.5
0.5
0.5
0.5
0.5
0.5
0.5
0.5
0.5
0.5
0.5
0.5
0.5
0.5
0.5
0.5
0.5
0.5
0.5
0.5
0.5
0.5
-1.0
0.5
0.5
0.5
0.5
0.5
0.5
0.5
0.5
0.5
0.5
0.5
0.5
0.5
0.5
0.5
0.5
0.5
0.5
0.5
0.5
0.5
0.5
0.5
0.5
0.5
0.5
0.5
0.5
0.5
0.5
0.5
0.5
0.5
0.5
0.5
0.5
0.5
0.5
0.5
0.5
0.5
0.5
0.5
0.5
0.5
0.5
0.5
0.5
0.5
0.5
0.5
0.5
0.5
-1.0
0.5
0.5
0.5
0.5
0.5
0.5
0.5
0.5
0.5
0.5
0.5
0.5
0.5
0.5
0.5
0.5
0.5
0.5
0.5
0.5
0.5
0.5
0.5
0.5
0.5
0.5
0.5
0.5
0.5
0.5
0.5
0.5
0.5
0.5
0.5
0.5
0.5
0.5
0.5
0.5
0.5
0.5
0.5
0.5
1.0
0.5
0.5
0.5
0.5
0.5
1.0
0.5
0.5
-1.0
0.04571985179196503
0.5
-1.0
0.5
0.5
0.5
0.5
0.5
-1.0
0.5
0.5
0.5
0.5
0.5
0.5
0.44710191369256636
0.5
-1.0
0.5
0.5
-1.0
0.5
0.5
-1.0
0.5
0.5
0.5
0.5
0.5
0.5
0.5
0.5
0.5
0.5
0.5
0.5
0.5
0.5
0.5
0.5
0.5
0.5
0.5
0.5
0.5
0.5
0.5
-1.0
0.5
0.5
0.5
0.5
1.0
-1.0
0.5
0.5
-1.0
0.5
0.5
-1.0
0.5
0.5
0.5
0.5
0.5
0.5
0.5
0.5
0.5
0.5
0.5
-1.0
0.5
0.5
0.5
0.5
0.5
-1.0
0.5
0.5
0.5
0.5
0.5
0.5
0.5
0.5
0.5
0.5
0.5
0.5
0.5
0.5
0.5
0.5
0.5
0.5
0.5
0.5
0.5
-1.0
-1.0
0.5
-1.0
0.5
-1.0
0.5
-1.0
0.5
0.5
0.5
0.5
0.5
0.5
0.5
0.4536326035893766
0.5
0.5
0.5
0.5
0.5
0.5
0.5
0.5
0.5
0.5
0.528114422176725
-1.0
0.5
0.5
0.5
0.5
-1.0
-1.0
0.5
0.5
0.5
0.5
0.5
0.5
0.5
0.5
0.5
0.5
0.5
0.5
0.5
0.5
0.5
0.5
0.5
0.5
0.5
0.5
0.5
-1.0
0.5
-1.0
-1.0
0.5
0.5
0.5
0.5
0.5
0.5
0.5
0.5
0.5
1.0
0.5
0.5
0.5
0.5
0.5
1.0
0.5
0.5
0.5
0.5
0.5
1.0
0.5
0.5
-1.0
0.5
0.5
0.5
-1.0
0.5
0.5
0.5
0.5
0.5
0.5
0.5
0.5
0.5
0.5
0.5
0.5
0.5
0.5
0.5
0.5
0.5
0.5
0.5
1.0
0.5
0.5
-1.0
0.5
0.5
0.5
0.5
0.5
-1.0
0.5
0.5
0.5
0.5
0.5
1.0
0.5
0.5
0.5
0.5
0.5
1.0
0.5
0.5
1.0
1.0
0.5
0.5
-1.0
0.5
0.5
0.5
0.5
0.5
0.5
-1.0
0.5
0.5
0.5
0.5
0.5
0.5
-1.0
0.5
0.5
0.5
0.5
0.5
-1.0
0.5
0.5
-1.0
0.5
0.4497310836998644
0.5
0.5
-1.0
0.5
-1.0
-1.0
0.5
0.5
0.5
0.5
0.5
0.5
-1.0
0.5
0.5
-1.0
0.5
0.5
0.5
0.5
0.5
-1.0
0.5
0.5
0.5
0.5
1.0
-1.0
-1.0
0.5
0.5
-1.0
0.5
-1.0
0.5
0.5
0.5
0.5
-1.0
0.5
-1.0
-1.0
0.5
0.5
0.5
0.5
-1.0
-1.0
0.5
-1.0
0.5
-1.0
0.5
-1.0
0.5
0.5
0.5
0.5
0.5
-1.0
0.5
0.5
0.5
0.5
0.5
0.5
0.5
0.5001274006108183
0.5
0.512206713791565
0.5
0.5
0.5
0.5
0.5
0.5
0.5
0.5
0.5
0.5
0.5
0.5
0.5
0.5
0.5
0.5
0.5
0.5
0.5
0.5
0.5
0.5000096903850281
0.5
0.5001165460645186
0.49984087015652184
0.5
0.4962331524470316
0.5
0.5
0.5
0.5
0.5
0.5
0.5
0.5
0.5
0.5
0.5
0.5
0.5001221088223469
0.5
0.5
0.5053598603823976
0.48489915919071824
0.5
0.5
0.5
0.5
0.5
0.5
0.5
0.5104916681006167
0.5181995930153396
0.5
0.5
0.5
0.5
0.5
0.5
0.5
0.5
1.0
-1.0
0.5
0.5
0.5
0.5
0.5
0.5
0.5
0.5
0.5
0.5
0.5
0.5
0.5207098235956944
0.5
0.5
1.0
0.5
1.0
0.5
0.5
0.5
0.5
0.5
0.5
0.5
0.5
1.0
0.5
0.5
0.5
0.5
0.5
0.5
1.0
1.0
0.5
0.5
0.5
0.5
0.5
0.5
0.5
0.5
0.5
1.0
0.5129828907843007
0.5
0.5
0.5
0.5
0.5
0.5
0.5
0.5
0.5
0.5
0.5
0.4893466107668771
0.4827941952946291
0.5
1.0
0.5
1.0
0.5
0.5
0.5
0.5288900530979431
0.5
0.5
1.0
1.0
0.5
0.5
0.5
0.5
0.5
0.5
-1.0
1.0
0.5
0.5
0.5
0.5
0.5
0.5
0.5
0.5
0.5
1.0
0.5
0.5
0.5
0.5
0.5
0.5
0.5
0.5
0.5
0.5
0.5
0.5
0.5
0.5
0.5
0.5
0.5
1.0
-1.0
0.5
0.5
0.5
0.5
0.5
0.5
0.5
-1.0
0.5
0.5
0.5
0.5
0.5
0.48073421241405756
0.5
0.4780266723344324
0.5
-1.0
0.5
0.5
0.5
0.484390440151378
0.5
-1.0
0.5
0.5
-1.0
0.5
0.5
0.5
0.5
-1.0
0.5
-1.0
-1.0
0.5
0.5
0.5
0.5
0.5
0.5
0.5
0.5
0.5
0.5
0.5
0.5
0.5
0.5
0.5
0.5
0.5
0.5
0.5
0.5
0.5
0.5
0.5
0.5
0.5
0.5
0.5
0.5
0.5
0.5
0.5
0.5
0.5
0.5
0.5
0.5
0.5
0.5
0.5
0.5
0.5
0.5
0.5
0.5
0.5
0.5
0.5
0.5
0.5
0.5
0.5
0.5
0.5
0.5
0.5
0.5
0.5
0.5
0.5
0.5
0.5
0.5
0.5
0.5
0.5
0.5
0.5
0.5
0.5
0.5
0.5
0.5
0.5
0.5
0.5
0.5
0.5
0.47789536301176855
0.5
0.5
0.5
0.5
0.5
0.5
0.5
0.5
0.5
0.5
0.5
0.5
-1.0
0.5
0.5
0.5
0.5
0.5
-1.0
0.5
0.5
-1.0
0.5
0.5
0.5
0.5
0.5
0.5
0.5
0.5
0.5
0.5
0.5
0.5
0.5
0.5
0.5
0.5
0.5
1.0
0.5
0.5
0.5
0.5
0.5
0.5
0.5
0.5
0.5
0.5
0.5
0.5
0.5
0.5
0.5
1.0
0.5
1.0
0.5
0.5
0.5
0.5
0.5
0.5
0.5
0.5
0.5
1.0
0.5
1.0
0.5
0.5
0.5
0.5
0.5
0.5
0.5
0.5
0.5
1.0
0.5
1.0
0.5
0.5
1.0
1.0
0.5
0.5
0.5
0.5
-1.0
1.0
0.5
0.5
0.5
0.5
0.5
0.5
0.5
0.5
0.5
0.5
0.5
0.5
0.5
-1.0
0.5
0.5
0.5
1.0
1.0
0.5
0.5
0.5
0.5
0.5
0.25337879256695295
0.5
0.48453242093488536
0.5
-1.0
0.5
0.5
0.5
0.5
0.5
-1.0
0.5
0.5
-1.0
0.5
0.5
0.5
0.5
-1.0
0.5
-1.0
-1.0
0.5
0.5
0.5
0.5
0.5
0.4740707786766269
0.5
0.4839678338052078
0.5
-1.0
0.5
0.47686279344482935
0.5
0.5
0.5
0.5
0.5
0.5
0.5
0.5
0.5
-1.0
0.5
-1.0
0.5
-1.0
0.5
-1.0
0.5
-1.0
0.5
0.5
0.5
0.5
0.5
0.5
0.5
0.5
0.5
0.5
0.5
0.5
0.5
0.5
1.0
-1.0
0.5
0.5
0.5
0.5
0.5
0.5
0.5
-1.0
0.5
0.5
0.5
0.5
0.5
0.5
0.5
0.5555555555555556
0.5
0.5
0.5
0.5
0.5
0.5
0.5
0.5
0.5
1.0
0.5
0.5
0.5
0.5
0.5
0.5
0.5
0.5
-1.0
0.5
0.5
0.5
0.5
0.5009159451351765
0.5
0.5
0.49715307653260454
0.5
0.5
0.5
0.5
0.5
0.5
0.5
0.5
0.5
0.5
0.5
0.5
0.5
0.5
0.5
-1.0
0.5
-1.0
-1.0
0.5
0.5
0.5
0.5
0.5
0.5
0.5
0.5
0.5
0.5
0.5
0.5
0.5
0.5
0.5
0.5
0.5
1.0
0.5
0.5
0.5
0.5
0.5
0.5
0.5
0.5
0.5
0.5
0.5
0.5
0.5
0.5130926834870035
0.5
0.5
1.0
1.0
0.5
0.5
0.5
0.5
0.5
0.5
0.5
1.0
0.5
1.0
0.5
0.5
0.5
0.5
-1.0
0.5
0.5
0.5
0.5
0.5
0.5
0.5
0.5
0.5
0.5
1.0
0.5
1.0
0.5
0.47909955468295284
0.5
0.5
0.5
0.5
0.5
0.5
1.0
0.5
0.5
0.5
-1.0
-1.0
0.5
0.5
0.5
0.5
0.5
-1.0
0.5
0.5
0.5
0.5
0.5
1.0
0.5
0.5
0.5
0.5
0.5
0.5
0.5
1.0
0.5
0.5
0.5
0.5
0.5
0.5
0.5
0.5
0.5
0.5
0.5
0.5
0.5
0.5
0.5
0.5
0.5
0.5
0.5
0.5
0.5
0.5
0.5
0.5
0.5
0.5
0.5
1.0
0.5
0.5
0.5
0.5
0.5
0.5
0.5
0.5
0.5
0.5
0.5
0.5
0.5
0.5
0.5
0.5
0.5
0.5
0.5
0.5
0.5
0.5
0.5
0.5
0.5
0.5
1.0
-1.0
0.5
0.5
0.5
0.5
0.5
0.5
0.5
-1.0
0.5
0.5
0.5
0.5
0.5
0.5
0.5
0.5
0.5
0.5
0.5
0.5
0.5
0.5
0.5
0.5
0.5
0.5
0.5
0.5
0.5
0.5
0.5
0.5
0.5
0.5
0.5
0.5
0.5
0.5
0.5
0.5
0.5
0.5
0.5
0.5
0.5
0.5
0.5
0.5
0.5
0.5
0.5
0.44271757522113375
1.0
0.5
0.5
0.5
0.5
0.5
0.5
0.5
0.5
0.5
0.5
0.5
0.5
0.5
0.5023152434084229
0.5094470323772439
0.5
0.5
0.5
0.5
0.5
0.5
0.5
0.5
0.5
0.5
0.5
0.5
0.5
0.5
0.5
0.5
0.5
0.5
0.5
0.5
0.5
0.5
0.5
0.5
0.5
0.5
0.5
0.5
0.5
0.5
0.5
0.5
0.5
0.5
0.5
0.5
0.5
0.5
1.0
0.5
0.5
0.5
0.5
0.5
0.5
0.5
0.5
0.5
0.5
0.5
0.5
0.5
0.5
0.5
0.5
0.5
0.5
0.5
0.5
0.5
0.5
0.5
0.5
0.5
0.5
0.5
0.5
0.625
0.5
0.5
0.5
0.5
0.5
0.5
0.5
0.5
0.5
0.5
0.5
0.5
0.5
0.5204871595244087
0.5
0.5
0.5
0.5058557878675052
0.5
0.5
0.5
0.5
0.5
0.5
0.5
0.4571341905818789
0.5
0.5
0.507273109071798
0.5
0.5
0.5
0.5
0.5
0.5
0.5
0.5
0.5
0.5
0.5
0.5
0.5
0.5
0.5
0.5
0.5
0.5
0.5
0.5
0.5
0.5
1.0
0.5
0.5
0.5
0.5
0.5
0.5
0.5
0.5
0.5
0.5
0.5
0.5
0.5
0.5
0.5
0.5
0.5
0.5179511295506941
0.5
0.5
0.5
0.5
0.5
0.5
0.5
0.5
1.0
0.5
0.5
0.5
0.5
0.5
0.5
0.5
0.5
0.5
0.5
0.5
0.5
0.5
0.5
0.5130248147878168
0.5
0.5
0.5
0.5
0.5
0.5
0.5
0.5
0.5
0.5
0.5
1.0
-1.0
0.5
0.5
0.5
0.5
0.5
0.5
0.5
0.5
0.5
0.5
0.5
0.5
0.5
0.5
0.5
0.5
0.5
0.5
0.5
0.5
0.5
0.5
0.5
0.5
0.5
0.5
0.5
0.5
0.5
0.5
0.5
0.5
0.5
0.5
0.5
0.5
0.5
0.5
0.5
0.5
0.5
0.5
0.5
0.5
0.5
0.5
0.5
0.5
0.5
0.5
0.5
0.5
0.5
0.5
0.5
0.5
0.5
0.5
0.5
0.5
0.5
0.5
0.5
0.5
0.5
0.5
0.5
0.5
0.5
0.5
0.5
0.5
0.5
0.5
0.5
0.5
0.5
0.5
0.5
0.5
0.5
0.5
0.5
0.5
0.5
0.5
0.5
0.5
0.5
0.5
0.5
0.5
0.5
0.5
0.5
0.5
0.5
0.5
0.5
0.5
0.5
0.5
0.5
0.5
0.5
0.5
1.0
0.5
0.5
0.5
0.5
0.5
0.5
0.5
0.5
0.5
0.5
0.5
0.5
0.5
0.5
0.5
0.5
0.5
0.5
0.5
0.5
0.5
0.5
0.5
0.5
0.5
0.5
0.5
0.5
0.423011541352754
0.5
0.5
0.5
0.5
0.5
0.5
0.5
0.5
0.5
0.5
0.5
0.5
0.5
1.0
0.5
0.5
1.0
1.0
0.5
0.5
0.5
0.5
1.0
0.5
0.5
0.5
0.5
0.5
1.0
0.5
0.5
0.5
1.0
0.5
1.0
0.5
1.0
0.5
0.5
0.5
0.5
0.5
0.5
0.5
0.5
0.5
0.5
0.5
0.5
0.5
0.5
0.5
0.5
0.5124994141174256
0.5
0.5
0.5
0.5
0.5
0.5
0.5
0.5
0.5
0.5
0.5
0.5
0.5
0.5
0.5
0.5
0.5
0.5
0.5
0.5
0.5
0.5
0.5
0.5
1.0
-1.0
0.5
-1.0
0.5
0.5
0.5
0.5
0.5
0.5
0.5
0.5
0.5
0.5
0.5
0.5
0.5
0.48289213474622855
0.5
-1.0
0.5
0.5
0.5
0.5
0.5
-1.0
0.5
0.5
-1.0
-1.0
0.5
0.5
0.5
0.5
0.5
0.5
0.5
0.5
0.5
0.5
0.5
0.5
0.5
0.5
0.5
0.5
0.5
0.5
0.5
0.5
0.5
0.5
0.5
0.5
1.0
0.5
0.5
0.5
0.5
0.5
0.5
0.5
0.5
0.5
0.5
0.5
0.5
0.5
0.5
0.5
0.5
0.5
0.5
0.5
0.5
0.5
0.5
0.5
0.5
0.5
0.5
1.0
0.5
0.5
0.5
0.5
0.5
0.5
0.5
0.5
0.5
0.5
0.5
0.5
0.5
0.5
0.5
0.5
0.5
0.5
0.5
0.5
0.5
0.5
0.5
0.5
0.5
0.5
1.0
0.5
0.5
0.5
0.5
0.5
0.5
0.5
0.5
-1.0
0.5
0.5
0.5
0.5
0.5
0.5
0.5
0.5
0.5
0.5
0.5
0.5
0.5
0.5
0.5
0.5
0.5
0.5
0.5
0.5
0.5
0.5
0.5
0.5
0.5
0.5
0.5
0.5
0.5
0.5
0.5
0.5
0.5
0.5
0.5
0.5
0.5
0.5
0.5
0.5
0.5
0.5
0.5
0.5
1.0
0.5
0.5
0.5
0.5
0.5
0.5
0.5
0.5
-1.0
0.5
0.5
0.5
0.5
0.5
0.5
0.5
0.5
0.5
0.5
0.5
0.5
0.5
0.5
0.5
0.5216525945975505
0.5
0.5
0.47937011536302837
0.5
0.5
0.5
0.5
-1.0
0.5
-1.0
-1.0
0.5
0.5
0.5
0.5
0.5
0.5
0.5
0.5
0.5
0.5
0.5
0.5
0.5
0.5
0.5
0.5
0.5
1.0
0.5
0.5
0.5
0.5
0.5
0.5
0.5
0.5
0.5
0.5
0.5
0.5
0.5
0.5
0.5
0.5
0.5
0.5
0.5
0.5
0.5
0.5
0.5
0.5
0.5
0.5
0.5
0.5
0.5
0.5
0.5
0.5
0.5
0.5
0.5
0.5
0.5
0.5
0.5
0.5
0.5
0.5
0.5
0.5
0.5
0.5
0.5
0.5
0.5
0.5
0.5
0.5
0.5
1.0
0.5
0.5
0.5
0.5
0.5
0.5
0.5
0.5
0.5
0.5
0.5
0.5
0.5
0.5
0.5
0.5
0.5
0.5
0.5
0.5
0.5
0.5
0.5
0.5
0.5
0.5
0.5
0.5
0.5
0.5
0.5
0.5
0.5
0.5
0.5
0.5
0.5
0.5
0.5
0.5
0.5
0.5
0.5
0.5
0.5
0.5
0.5
0.5
0.5
0.5
0.5
0.5224652094300788
0.5
0.5
0.5
0.5
0.5
0.5
0.5
0.5
0.5
0.5
0.5
0.5
0.5
0.5
0.5
0.548215587582303
1.0
0.5001298065295248
0.5
0.5
0.47836232238423076
0.5
1.0
0.5
0.5
0.5
0.5
0.5
0.5
0.5
0.5
1.0
0.5
0.5
1.0
0.5
0.5
1.0
0.5
0.5
0.5
0.5
0.5
0.5
0.5
0.5
0.5
0.5
0.5
0.5
0.5
0.5
0.5
0.5
0.5
0.5
0.5
0.5
0.5
0.5
0.5
0.5
0.5
0.5
0.5
0.5
0.5
0.5
0.5
0.5
0.5
0.5
0.5
0.5
0.5
0.5
0.5
0.5
1.0
0.5
1.0
0.5
0.5
1.0
1.0
0.5
0.5
0.5
0.5
0.5
0.5
0.5
0.5
0.5
0.5
0.5
0.5
0.5
0.5057601437064757
0.5
0.5
0.5
0.5
0.5
0.5054161114332115
0.5
0.5
1.0
0.5
0.5
0.5
1.0
0.5
1.0
0.5
0.5
0.5
0.5
0.5
0.5064850136101633
0.5
1.0
0.5
0.5
0.5
0.5
0.5
0.5
0.5
0.5
0.5
0.5
1.0
0.5
0.5
1.0
0.5
1.0
0.5
1.0
0.5
0.5
0.5
0.5
0.5
0.5
0.5
0.5
0.5
0.5
0.5
0.5
0.5
0.5
0.5
0.5
0.5
0.5
0.5
0.5
0.5
0.5
0.5
1.0
-1.0
0.5
-1.0
0.5
0.5
0.5
0.5
0.5
0.5
0.5
0.5
0.5
0.5
0.5055504210280873
1.0
0.5
0.4828363405866612
1.0
-1.0
0.5
0.5
0.5
0.5
0.5
-1.0
0.5
0.5
-1.0
-1.0
0.5
0.5
0.5
0.5
0.5
0.5
1.0
0.5
0.5
0.5
0.5
0.5
0.5
0.5
0.5
0.5
0.5
0.5
0.5
0.5
0.5
0.5
0.5
0.5
1.0
0.5
0.5
0.5
0.5
0.5
0.5
0.5
0.5
0.5
0.5
0.5
0.5
0.5
0.5
0.5
0.5
0.5
0.5
0.5
0.5
0.5
0.5
0.5
0.5
0.5
0.5
0.5
0.5
0.5
0.5
0.5
0.5
0.5252725010291968
0.5
0.5
0.5
0.5
0.5
0.5
0.5
0.5
0.5
0.5
0.5
0.5
0.5
0.5
0.5
0.5
0.5
0.5
0.5
0.5
0.5
0.5
0.5
0.5
0.5
0.5
1.0
0.5
0.5
0.5
0.5
0.5
1.0
0.5
0.5
0.5
0.5
0.5
0.5
0.5
0.5
0.5
0.5
0.5
0.5
0.5
0.5
0.5
0.5
0.5
0.5
0.5
0.5
0.5
0.5
0.5
0.5
0.5
0.5
0.5
0.5
0.5
0.5
0.5
0.5
0.5
0.5
0.5
0.5
0.5
0.5
0.5
0.5
0.5
0.5
0.5
1.0
0.5
1.0
0.5
0.5
0.5
0.5
0.5
0.5
0.5
0.5
0.5
0.5
0.5
1.0
0.5
0.5
0.5
0.5
0.5
1.0
0.5
0.5
0.5
0.5
0.5
0.5
0.5
0.5
1.0
0.5
0.5
1.0
0.5
0.5
1.0
1.0
0.5
0.5
0.5
0.5
0.5
0.5
0.5
0.5
0.5
0.5
0.5
0.5
0.5
0.5
0.5
0.5
1.0
1.0
1.0
0.5
0.5
0.5
0.5
0.5
0.5
0.5
0.5
0.5
0.5
0.5
0.5
0.5
0.5
0.5
-1.0
0.5
-1.0
0.5
0.5
0.5
-1.0
0.5
0.5
-1.0
-1.0
0.5
0.5
0.5
0.5
0.5
0.5
0.5
0.5
0.5
0.5
0.5
0.5
0.5
-1.0
0.5
0.5
-1.0
-1.0
0.5
0.5
0.5
0.5
0.5
0.5
0.5
0.5
-1.0
0.5
-1.0
0.5
1.0
0.5
0.5
1.0
-1.0
0.5
0.5
0.5
0.5
0.5
0.5
0.5
0.5
0.5
0.5
0.5
0.5
0.5
0.5
0.5
0.5
1.0
-1.0
0.5
-1.0
0.5
0.5
0.5
0.5
0.5
0.5
0.5
0.5
0.5
0.5
0.5
0.5
0.5
0.5
0.5
0.5
0.5
0.5
0.5
0.5
0.5
0.5
0.5
1.0
0.5
0.5
0.5
0.5
0.5
0.5
0.5
0.5
-1.0
0.5
0.5
0.5
0.5
0.5309915764941114
1.0
0.5
0.5
1.0
0.5
0.5
0.5
0.5
0.5
1.0
0.5129189382245933
0.5
0.5
0.5
0.5
1.0
0.5
0.5
0.5
0.5
-1.0
0.5
0.5
0.5
0.5
0.5
0.5
0.5
0.5
0.5
0.5
0.5
0.5
0.5
0.5
0.5
0.5
0.5
0.5
1.0
0.5
0.5
0.5
0.5
0.5
0.5
0.5
0.5
0.5
0.5
0.5
0.5
0.5
0.5
0.5
0.5
0.5
0.5
0.5
0.5
0.5
0.5
1.0
1.0
0.5
0.5
0.5
1.0
0.5
1.0
0.5
0.5
-1.0
0.5
-1.0
-1.0
0.5
0.5
0.5
0.5
0.5
0.5
0.5057258930494549
0.5
0.5
0.5
0.5
1.0
0.5
0.5
0.5
1.0
0.5
0.5
1.0
1.0
1.0
0.5
-1.0
0.5
0.5
-1.0
0.5
-1.0
0.5
0.5
0.5
0.5
0.5
0.5
0.5
0.5
0.5
0.5
0.5
0.5
0.5
1.0
0.5
1.0
1.0
0.5
0.5
0.5
0.5
0.5
0.5
0.5
0.5
-1.0
0.5
0.5
0.5
0.5
0.5
0.5
0.5
0.5
0.5
0.5
0.5
0.5
0.5
0.5
0.5
0.5
0.5
1.0
0.5
0.5
0.5
0.5
0.5
0.5
0.5
0.5
0.5
0.5
0.5
0.5
0.5
0.5
0.5
0.5
0.5091947605238938
1.0
0.5
0.5
0.5
0.5
0.5
1.0
0.5
0.5
1.0
-1.0
0.5
0.5
0.5
0.5
0.5
0.5
0.5
0.5
0.5
0.5
0.5
0.5
0.5
0.5
0.5
0.5
0.5
0.5
0.5
0.5
0.5
0.5
0.5
0.5
0.5
0.5
0.5
0.5
0.5
0.5
0.5
0.5
0.5
0.5
0.5
0.5
0.5
0.5
0.5
0.5
0.5
0.5
0.5
-1.0
0.5
0.5
0.5
0.5
0.5
0.5
0.5
-1.0
0.5
0.5
0.5
0.5
0.5
0.5
0.5
0.5
0.5
0.5
0.5
0.5
0.5
0.5
0.5
-1.0
0.5
-1.0
-1.0
0.5
0.5
0.5
0.5
-1.0
-1.0
0.5
-1.0
0.5
0.5
0.5
-1.0
0.5
0.5
0.5
0.5
0.5
-1.0
0.5
0.5
0.5
0.5
0.5
0.5
0.5
0.5
0.5
0.5
0.5
0.5
0.5
0.5
0.5
0.5
0.5
0.5
0.5
0.5
0.5
0.5
0.5
0.5
0.5
0.5
0.5
0.5
0.5
0.5
0.5
0.5
-1.0
0.5
-1.0
-1.0
0.5
0.5
0.5
0.5
-1.0
-1.0
0.5
-1.0
0.5
-1.0
0.5
-1.0
0.5
0.5
0.5
0.5
0.5
-1.0
0.5
0.5
0.5
0.5
-1.0
-1.0
0.5
-1.0
0.5
-1.0
0.5
-1.0
0.5
-1.0
0.5
-1.0
0.5
0.5
-1.0
-1.0
-1.0
0.5
0.5
-1.0
0.5
-1.0
-1.0
0.5
0.5
0.5
0.5
0.5
0.5
0.5
0.5
-1.0
0.5
0.5
0.5
0.5
0.5
-1.0
0.5
-1.0
0.5
0.5
0.5
0.5
0.5
0.5
0.5
0.5
0.5
0.5
0.5
0.5
0.5
0.5
0.5
0.5
0.5
0.5
0.5
0.5
0.5
0.5
0.5
0.5
0.5
0.5
0.5
0.5
0.5
0.5
0.5
0.5
0.5
0.5
0.5
0.5
0.5
0.5
0.5
0.5
0.5
0.5
0.5
0.5
0.5
-1.0
0.5
0.5
0.5
0.5
0.5
-1.0
0.5
-1.0
0.5
0.5
0.5
0.5
0.5
0.5
0.5
0.5
0.5
0.5
0.5
0.5
0.5
0.5
0.5
0.5
0.5
0.5
0.5
0.5
0.5
0.5
0.5
0.5
0.5
0.5
0.5
0.5
0.5
0.5
0.5
0.5
0.5
0.5
0.5
0.5
0.5
0.5
0.5
0.5
0.5
0.5
-1.0
0.5
-1.0
-1.0
0.5
0.5
0.5
0.5
-1.0
-1.0
0.5
-1.0
0.5
0.5
0.5
-1.0
0.5
0.5
0.5
0.5
0.5
-1.0
0.5
0.5
0.5
0.5
-1.0
-1.0
0.5
-1.0
0.5
-1.0
0.5
-1.0
0.5
0.5
0.5
0.5
0.5
0.5
-1.0
-1.0
0.5
0.5
0.5
-1.0
0.5
0.5
-1.0
0.5
0.5
0.5
0.5
0.5
0.5
0.5
0.5
0.5
0.5
0.5
0.5
0.5
0.5
-1.0
0.5
-1.0
0.5
0.5
0.5
0.5
0.5
0.5
0.5
0.5
0.5
0.5
0.5
0.5
0.5
0.5
-1.0
0.5
0.5
-1.0
0.5
-1.0
0.5
-1.0
0.5
-1.0
0.5
-1.0
0.5
0.5
-1.0
-1.0
0.5
0.5
0.5
-1.0
0.5
-1.0
-1.0
0.5
0.5
0.5
0.5
0.5
0.5
0.5
0.5
0.5
0.5
0.5
0.5
0.5
0.5
0.5
0.5
0.5
0.5
0.5
0.5
0.5
0.5
0.5
0.5
0.5
0.5
0.5
0.5
0.5
0.5
0.5
0.5
-1.0
0.5
-1.0
-1.0
0.5
0.5
0.5
0.5
-1.0
-1.0
0.5
-1.0
0.5
-1.0
0.5
-1.0
0.5
0.5
0.5
0.5
0.5
-1.0
0.5
0.5
0.5
0.5
0.5
0.5
0.5
0.5
-1.0
0.5
0.5
0.5
0.5
0.5
0.5
0.5
-1.0
0.5
0.5
0.5
0.5
0.5
0.5
0.5
0.5
0.5
0.5
0.5
0.5
0.5
0.5
0.5
-1.0
0.5
-1.0
-1.0
0.5
0.5
0.5
0.5
-1.0
-1.0
0.5
-1.0
0.5
-1.0
0.5
-1.0
0.5
0.5
0.5
0.5
0.5
-1.0
0.5
0.5
0.5
0.5
0.5
0.5
0.5
0.5
0.5
0.5
0.5
0.5
0.5
0.5
0.5
0.5
0.5
0.5
0.5
0.5
0.5
0.5
0.5
0.5
0.5
0.5
0.5
0.5
0.5
0.5
0.5
0.5
0.5
0.5
0.5
0.5
0.5
0.5
0.5
0.5
0.5
0.5
0.5
0.5
0.5
0.5
0.5
0.5
0.5
0.5
0.5
0.5
0.5
0.5
0.5
0.5
0.5
0.5
0.5
0.5
0.5
0.5
-1.0
0.5
0.5
0.5
0.5
0.5
0.5
0.5
-1.0
0.5
0.5
0.5
0.5
0.5
0.5
0.5
0.5
0.5
0.5
0.5
0.5
0.5
0.5
0.5
0.5
0.5
0.5
0.5
0.5
0.5
0.5
0.5
0.5
0.5
0.5
0.5
0.5
0.5
0.5
0.5
0.5
0.5
0.5
0.5
0.5
0.5
0.5
0.5
0.5
0.5
0.5
0.5
0.5
0.5
-1.0
0.5
0.5
0.5
0.5
0.5
-1.0
0.5
-1.0
0.5
0.5
0.5
0.5
0.5
0.5
0.5
0.5
0.5
0.5
0.5
0.5
0.5
0.5
0.5
-1.0
0.5
-1.0
-1.0
0.5
0.5
0.5
0.5
-1.0
0.5
0.5
-1.0
0.5
-1.0
0.5
-1.0
0.5
0.5
0.5
0.5
0.5
-1.0
0.5
0.5
0.5
0.5
0.5
0.5
0.5
0.5
0.5
0.5
0.5
0.5
0.5
0.5
0.5
0.5
0.5
0.5
0.5
0.5
0.5
0.5
0.5
0.5
0.5
0.5
0.5
0.5
0.5
0.5
0.5
0.5
0.5
0.5
0.5
0.5
0.5
0.5
0.5
0.5
0.5
0.5
0.5
0.5
0.5
0.5
0.5
0.5
0.5
0.5
0.5
0.5
0.5
0.5
0.5
0.5
0.5
0.5
0.5
0.5
0.5
0.5
0.5
0.5
0.5
0.5
0.5
0.5
0.5
0.5
0.5
0.5
0.5
0.5
0.5
0.5
0.5
0.5
0.5
0.5
0.5
0.5
0.5
0.5
0.5
0.5
0.5
0.5
0.5
0.5
0.5
0.5
0.5
0.5
0.5
0.5
0.5
0.5
0.5
0.5
0.5
0.5
0.5
0.5
0.5
0.5
0.5
0.5
0.5
0.5
0.5
0.5
